28.4415
24.5553
11.2925
15.3129
23.9665
10.9906
9.7276
10.6508
14.5364
21.0505
13.351
9.89235
10.3238
10.7889
12.6945
16.8495
20.0247
10.9863
10.1215
11.0141
13.7555
20.0935
14.7618
9.87684
11.0351
9.82739
11.5573
15.039
20.3883
11.7893
9.93368
10.2111
9.7738
9.86664
9.63685
11.289
11.955
16.9788
18.8377
9.6693
9.87589
9.80272
9.88243
10.4479
12.2132
12.7304
17.0709
15.3627
9.42968
9.57489
9.42193
9.86885
10.0807
13.0824
17.5718
17.6573
16.3483
23.0113
25.3612
13.1974
13.019
10.5159
16.4829
19.2618
14.1999
9.25118
10.4562
10.8968
14.1525
12.3165
11.5821
12.7075
12.7763
13.8126
15.2867
18.7386
12.6883
10.104
9.34251
9.79651
12.7831
12.9417
10.105
10.701
11.7875
16.3717
18.7668
9.4013
9.83801
9.88793
11.4325
14.3086
10.9111
9.63818
11.5237
11.8669
13.864
17.2728
15.8049
9.34814
9.90793
10.279
15.0816
9.58918
10.5158
13.6705
17.8896
17.103
9.5958
9.72455
10.7076
14.454
9.60885
9.59097
9.47026
11.1005
14.558
19.9671
12.2155
9.37472
9.42905
10.7043
15.2224
10.4401
11.5288
11.3859
14.4632
19.0975
13.1979
10.0973
9.77455
9.88343
9.62335
10.204
10.8729
13.8699
10.0531
10.2534
11.0098
12.5904
15.4481
17.9751
9.60559
9.77505
9.84889
10.1878
9.48539
13.1275
12.7409
9.52872
13.8804
12.8112
14.3227
21.2578
9.83505
9.7803
9.83559
10.7555
14.5126
10.8681
11.3115
12.1866
14.7206
20.6926
9.82564
10.1257
9.79018
11.247
10.9763
10.3096
11.2402
12.3453
16.1554
18.3014
9.8268
9.74239
9.62718
9.81485
14.8906
10.3046
11.8018
12.6895
15.5172
19.214
9.30735
9.58285
10.2484
13.0401
9.68764
11.408
14.513
20.9751
10.4149
9.85559
10.0736
9.62385
9.92576
13.8245
10.2952
11.6035
12.3449
18.9213
14.7436
9.78493
10.2319
9.59222
10.5082
13.733
9.63747
11.1285
11.4439
13.5973
15.1752
20.1871
9.52847
9.37635
9.83205
9.56997
12.1435
11.5847
10.271
10.8041
12.5092
13.9304
17.8255
14.2507
9.89468
8.81626
10.2717
11.0733
13.9423
14.468
10.3856
10.4496
10.3223
10.5194
14.5875
18.7464
15.1227
10.2004
8.8631
8.83843
9.7918
13.5192
10.97
11.448
9.83593
14.5333
16.8262
14.4844
9.12326
10.2802
8.54343
8.65226
8.83776
11.6802
14.0622
9.68964
9.27497
9.8131
9.64539
13.3937
14.7869
18.7144
13.5087
10.1871
8.92681
9.16726
8.80651
15.116
10.0652
10.7716
8.84568
9.64239
9.36839
0.48554
0.156167
