3.7527
1.197
1.21133
1.14833
1.17558
1.28016
1.14579
1.16229
1.21171
1.21846
1.29445
1.15525
1.15846
1.24296
1.15033
1.27283
1.24458
1.1635
1.13879
1.17912
1.23125
1.15433
1.41474
1.16591
1.2122
1.16041
1.12396
1.2257
1.11329
1.1602
1.14904
1.3862
1.14558
1.22533
1.16508
1.20695
1.14929
1.1685
1.22362
1.21158
1.22058
1.20391
1.24325
1.14383
1.26108
1.28945
1.15104
1.16279
1.21366
1.25145
1.30491
1.15358
1.14679
1.129
1.15725
1.17841
1.37995
1.20112
1.22012
1.21233
1.1742
1.11641
1.20912
1.18604
1.36691
1.245
1.23516
1.2342
1.16883
1.21316
1.10445
1.25704
1.28862
1.16454
1.20716
1.16208
1.14158
1.2082
1.18345
1.19904
1.19325
1.38083
1.29316
1.41749
1.26333
1.16962
1.21279
1.17162
1.21212
1.24425
1.24345
1.19479
1.21225
1.09816
1.27366
1.25716
1.1
1.18087
1.17229
1.15754
1.27429
1.16537
1.13766
1.16475
1.15125
1.27683
1.29008
1.12587
1.15204
1.2172
1.20675
1.26175
1.1712
1.16383
1.2175
1.214
1.21646
1.136
1.23462
1.21908
1.16512
1.26166
1.34029
1.21975
1.22371
1.26016
1.20791
1.21962
1.27983
1.18287
1.27716
1.16996
1.18395
1.17791
1.16196
1.36912
1.17716
1.16796
1.18812
1.1475
1.3012
1.1442
1.17562
1.2695
1.22554
1.16
1.27912
1.21691
1.10579
1.17554
1.1467
1.36146
1.17708
1.22896
1.10695
1.15158
1.18925
1.47029
1.1842
1.16745
1.20154
1.3577
1.48274
1.14996
1.16204
1.21308
1.198
1.16554
1.16937
1.12366
1.16704
1.21408
1.21154
1.10679
1.18216
1.24945
1.17121
1.35308
1.13333
1.15754
1.12741
1.10087
1.16637
1.37116
1.15108
1.15904
1.144
1.25762
1.17037
1.12454
1.2252
1.17041
1.13037
1.20387
1.20154
1.203
1.14754
1.11341
1.63716
1.15025
1.16729
1.20283
1.13962
1.18762
1.1757
1.2297
1.11796
1.18321
1.12516
1.1345
1.28825
1.05379
1.09429
1.17337
1.10837
1.11537
1.33104
1.14733
1.18625
1.14366
1.12554
1.24237
1.15308
1.154
1.1902
1.12429
1.18729
1.11558
1.16866
1.11387
1.09741
1.38479
1.10379
1.138
1.18708
1.17229
1.1525
1.26483
1.0532
1.08312
1.11016
1.12366
1.26158
1.1297
1.21575
1.17312
1.16737
1.12037
1.3552
1.33329
1.05987
1.10308
1.12366
1.12637
1.33533
1.11833
1.13458
1.13354
1.11258
1.43983
1.16975
1.16979
1.14662
1.1302
1.36271
1.19104
1.1685
1.18529
1.19479
1.34762
1.11933
1.11583
1.12154
1.15712
1.18691
1.17258
1.18996
1.13279
1.11271
1.26437
1.32087
1.17112
1.13937
1.22983
1.27912
1.10991
1.12304
1.11441
1.11741
1.06037
1.22683
1.21158
1.09975
1.11666
1.12271
1.14854
1.19004
1.10483
1.124
1.16587
1.12121
1.34904
1.24004
1.08575
1.19329
1.1787
1.17487
1.16162
1.03533
1.06754
1.07329
1.112
1.17175
1.09183
1.18921
1.218
1.16358
1.39233
1.18195
1.07483
1.11895
1.09758
1.11129
1.14412
1.29962
1.1642
1.12225
1.15179
1.27408
1.25195
1.15529
1.05666
1.10733
1.13091
1.13071
1.11504
1.15441
1.1402
1.21175
1.16041
1.16387
1.09112
1.11871
1.23116
1.26954
1.28458
1.03475
1.13321
1.12029
1.18575
1.17271
1.11521
1.14912
1.21187
1.13441
1.1502
1.15762
1.15325
1.10529
1.32433
1.20387
1.18579
1.09408
1.12175
1.18145
1.11941
1.16858
1.34012
1.16516
1.12654
1.15404
1.23537
1.20262
1.12383
1.11862
1.158
1.11862
1.33008
1.34745
1.21575
1.12287
1.13812
1.24971
1.19804
1.17254
1.16137
1.1255
1.12108
1.30887
1.22962
1.17446
1.1725
1.16541
1.20033
1.12512
1.1962
1.31637
1.09504
1.14962
1.12921
1.06241
1.1807
1.11975
1.09237
1.12554
1.35629
1.21158
1.10775
1.188
1.12458
1.05666
1.13183
1.14829
1.0492
1.1105
1.14254
1.16645
1.26658
1.28641
1.15775
1.16504
1.18512
1.19195
1.16912
1.1385
1.12854
1.18329
1.43195
1.14629
1.28391
1.14775
1.12158
1.12916
1.06625
1.18845
1.21554
1.12858
1.13875
1.17483
1.36225
1.16779
1.14404
1.18333
1.16004
1.1685
1.33454
1.18316
1.06471
1.12033
1.1345
1.24821
1.13658
1.337
1.12241
1.11833
1.21554
1.21458
1.13754
1.12129
1.0952
1.12612
1.13541
1.26495
1.17512
1.17925
1.14575
1.30533
1.14858
1.15558
1.13358
1.15433
1.13437
1.18379
1.40725
1.19404
1.1202
1.1205
1.13137
1.15596
1.19012
1.20166
1.38662
1.15416
1.18925
1.28983
1.12858
1.09358
1.1262
1.28054
1.37879
1.25091
1.19762
1.10083
1.16366
1.22683
1.19308
1.12521
1.10058
1.13825
