0.907664
0.864831
0.923205
0.883914
0.910498
0.990663
0.938913
0.949498
0.917622
0.902539
0.957747
0.917456
0.877955
0.866998
0.945955
0.944539
1.00096
0.91958
1.05566
0.926872
0.915039
0.86083
0.938331
0.881414
0.910789
0.904789
0.852497
0.938622
0.866372
0.97133
0.905831
0.832789
0.910205
0.846873
0.868248
0.977747
0.98458
0.940955
0.897497
0.865623
0.824247
0.992372
0.870831
0.915789
1.07479
0.923289
0.918247
0.839872
0.910747
0.856581
0.960539
0.885581
0.886289
1.15429
0.847039
0.919914
0.759872
0.93908
0.77829
0.759372
0.848747
1.00608
0.838456
0.85433
0.823831
0.886455
0.879998
0.864497
0.774747
0.914497
0.838331
0.848289
0.95833
0.792206
0.850789
0.897497
0.880164
1.05016
0.825122
0.893122
0.841872
0.871539
0.810747
0.887414
0.863748
0.848415
0.910414
0.847373
1.02662
0.974664
0.862997
0.852289
1.05229
0.758206
0.809997
0.795581
0.869414
0.826039
0.879497
0.82529
0.870581
0.929206
0.779289
0.848914
0.963163
0.838164
1.01404
0.837747
0.890039
1.00179
0.898372
0.849789
0.949581
0.796247
0.822831
0.815956
1.04312
0.845456
1.08791
0.764206
0.783164
0.848414
0.844497
0.855498
0.863873
0.826455
0.866997
0.97158
0.808706
0.789622
0.863248
0.874997
0.830206
1.08704
0.818997
0.882622
0.941956
0.834415
0.81704
0.93558
0.924955
0.778289
0.92408
0.848247
0.856831
0.847997
0.822997
0.790248
0.832872
0.863372
0.866414
0.86683
1.03554
0.841873
1.01129
0.77029
0.802539
0.980581
0.825331
0.850498
0.917289
0.81108
0.904289
0.98308
0.855206
1.03704
0.855539
0.828164
0.850747
1.03566
0.84104
0.855955
0.989163
0.808498
1.08529
0.831873
0.786956
0.792664
0.924414
0.846497
0.860747
0.929288
0.793998
0.990372
0.812831
0.762831
0.914122
0.828122
0.828747
1.01879
0.842706
0.844122
0.858706
0.825456
0.779081
0.942581
0.849331
0.857497
0.944788
0.847914
0.889206
1.0115
0.858164
0.970997
0.86183
0.840831
0.85779
1.03325
0.81979
0.857706
0.996414
0.888955
0.849705
0.90233
0.826497
0.91108
1.02454
0.786498
0.852539
1.099
0.834748
0.86208
1.0537
0.797789
0.861039
0.824789
0.860914
1.02825
0.910706
0.794872
0.798248
0.857831
0.849122
0.932288
0.888164
0.849248
0.90133
0.903081
0.773039
0.997247
0.840289
0.834372
1.02445
0.879622
0.859289
0.847331
0.868789
0.878914
0.963289
0.784622
0.863914
1.02491
1.03666
0.838997
0.823623
0.940247
0.831748
0.806123
1.03125
0.851664
0.854081
0.845706
0.904872
0.778456
1.0765
0.833706
0.801706
0.981289
1.01129
0.893039
0.98483
0.881789
0.821122
0.802414
0.92383
0.812414
0.962789
