46.1164
13.5225
15.0986
20.153
10.9842
11.7959
10.5962
10.805
11.9227
14.5771
20.9566
10.9383
10.6059
10.3618
13.4025
11.3171
13.7783
18.7245
15.3866
11.5041
11.234
11.4725
10.9278
12.5023
15.7818
20.3531
11.2755
11.2515
11.034
12.2438
17.7805
18.572
9.84901
9.96493
9.94814
11.1345
13.3082
15.2667
18.2398
10.3449
10.2741
10.2627
10.9802
11.833
14.5225
19.3167
10.9558
10.3489
9.85847
12.749
10.1092
11.279
13.7347
19.3983
12.0287
12.9144
10.3671
10.8423
9.97789
11.8993
14.2309
19.4367
13.9394
10.0633
10.4571
10.0866
11.7041
10.4945
12.3575
14.8995
20.0566
10.5461
9.82218
10.7338
9.75005
11.229
11.621
12.2845
12.9107
15.1864
20.703
10.3822
10.3935
10.1076
11.8743
10.0711
11.1075
13.5925
18.6122
13.9432
10.6825
10.4957
11.2771
10.6478
12.7424
15.0035
20.517
10.7634
9.85909
10.168
9.63376
9.65197
11.0938
11.066
14.2557
18.0585
14.0522
10.0402
10.5906
9.1606
9.91964
12.3222
14.4562
18.1625
16.489
10.5151
10.3228
9.41197
9.81172
9.88418
14.8177
15.2285
18.5577
10.5476
9.37489
10.6934
10.5491
14.1162
18.3289
14.7308
10.492
9.29889
9.42176
13.4867
9.7706
10.3388
13.8071
15.2221
19.0727
9.88222
9.62068
9.89368
9.6028
11.7054
10.5376
12.4447
14.1119
21.0166
9.78443
10.0863
9.84389
9.3508
13.5091
10.4219
11.4598
12.4163
15.6506
16.9036
10.577
9.81247
9.81655
10.5454
10.324
11.5101
10.3239
12.0503
16.3099
19.5151
10.3451
9.40951
9.39606
10.0336
12.3192
14.2255
21.6962
9.45214
9.57939
9.48605
10.068
10.8308
10.1029
12.0249
14.9212
19.3471
12.1083
9.61239
10.2578
9.83926
9.6241
11.3228
9.65868
9.84014
10.1043
11.2656
12.7486
19.6471
12.5308
9.39576
10.0097
9.62618
9.75934
9.5673
10.2398
14.6157
18.6301
14.6379
9.45322
10.0764
9.8038
9.8063
10.5372
9.8433
10.4932
10.8433
13.5117
17.8571
16.3687
10.0909
9.64139
10.1058
9.85014
9.6393
11.0997
12.7663
15.143
19.0516
9.68343
9.57351
10.0766
10.2337
9.27485
10.6873
13.0818
15.8611
16.511
9.54793
9.65801
10.0031
10.0591
10.1094
11.1526
11.7494
13.7364
16.5312
13.5662
9.5216
9.85597
9.6081
10.1243
9.59993
11.6325
10.533
9.66864
10.5393
12.4404
13.774
19.2733
11.0759
9.63064
10.2107
9.84605
10.109
11.455
9.81034
10.5591
11.587
14.3497
17.0974
14.3751
9.78351
9.84718
10.0479
9.8233
9.55451
10.6058
10.3094
11.4221
13.3307
16.9774
14.3463
10.021
10.0153
9.81239
10.0536
11.5459
10.9007
11.6596
14.2817
15.9003
14.9017
9.63072
9.60585
9.62584
10.2621
9.8178
12.8985
10.0829
11.0485
11.849
15.059
21.2629
10.2609
9.61318
9.82043
9.8473
10.0373
9.8883
10.0893
11.0801
13.1357
14.9762
14.5597
9.97414
9.65284
9.91135
9.77614
10.0558
11.9535
10.9666
10.288
11.7405
12.6564
18.2977
14.4252
8.85097
8.86593
8.80993
9.38039
13.7022
10.1428
9.14547
9.01622
10.4775
11.7773
15.1969
21.072
10.1959
8.63689
10.1318
9.45197
10.2008
19.8806
21.5308
10.101
8.58489
10.2683
10.0938
9.7978
11.5942
9.96076
10.1743
10.8157
10.4867
13.3314
16.6415
19.9397
9.12068
9.07018
8.52964
8.65581
13.486
11.6912
10.2031
9.14226
9.63901
12.5785
17.4232
16.2816
9.80047
8.93785
8.89639
9.88701
12.5837
10.4395
10.217
9.90768
13.4566
15.555
17.6109
10.2265
8.8126
10.0543
10.2211
15.4238
9.04885
8.84656
12.1286
15.8126
17.0998
13.492
8.85952
10.1162
10.0816
10.3361
10.24
9.51355
12.3525
15.5214
19.6652
10.0549
8.93281
9.49976
9.7446
10.0566
10.9222
12.5551
11.4318
11.1829
16.1768
18.2551
9.98134
8.99672
8.89714
8.72502
13.1902
10.5425
12.4306
15.9491
18.5557
10.118
10.1499
9.0441
10.1311
8.61881
11.3611
8.90085
8.9191
10.7024
14.8642
19.1104
14.8624
10.008
10.1623
10.1805
10.4691
10.3111
10.1782
10.586
11.5166
13.2804
15.2891
19.0116
10.9016
9.28589
10.2272
9.84972
10.7263
11.4425
8.87422
10.9246
14.5479
17.0032
16.5742
10.6088
10.4131
9.67422
10.2736
9.95551
8.78164
8.93714
9.80884
10.3026
10.5492
13.2077
16.707
15.7508
8.82997
8.68522
9.16943
10.3103
11.9736
12.415
10.4783
10.985
13.7289
14.7722
19.6059
9.0666
9.10526
8.63302
9.03118
12.2661
10.5876
12.4489
14.4063
20.6468
10.3537
8.91106
8.90839
9.20814
8.68997
10.3714
11.4366
11.1722
9.14047
10.9341
12.2543
13.6872
19.2455
10.6038
10.0771
10.0458
8.55735
9.8148
9.82734
11.2318
12.8833
13.9416
15.7047
17.8073
10.9157
10.2321
10.2914
9.77747
10.3028
10.1548
10.069
11.7352
14.3712
15.7066
17.1114
10.2545
9.95739
9.98784
10.0443
9.01101
9.98526
9.2918
12.4632
14.486
19.1974
10.0119
8.95972
10.0767
10.1684
9.0721
8.7311
11.5736
9.97039
9.31668
9.40343
14.3716
16.1357
17.9326
8.68751
10.1926
9.07289
8.56856
8.85947
10.4239
11.7812
8.61377
8.70318
8.55314
9.13347
9.39993
10.8394
11.7032
12.5191
13.1485
14.4518
17.9063
12.9925
9.11897
8.8186
9.05743
8.82531
8.86818
9.95368
9.26581
12.8253
11.4203
9.09731
8.68385
8.87572
8.85772
8.50264
9.15131
10.2535
11.3013
14.3562
18.8461
10.6494
8.67297
9.12631
9.74539
11.6385
9.59835
12.9735
12.3186
9.98014
8.53139
8.60997
8.94318
8.84927
10.7674
12.4106
16.4524
18.6454
9.8581
10.7185
10.9216
11.291
9.61414
13.275
17.4462
16.5724
10.0348
8.83047
10.1049
10.5496
10.1801
10.5687
11.9964
15.5384
20.276
10.1644
10.0348
9.5671
10.2838
8.71868
11.036
10.3418
13.4948
13.3856
17.5406
12.1108
9.84314
10.459
10.0438
8.54681
10.0278
9.03231
11.3752
10.4667
8.85431
9.32051
9.47255
12.1655
15.0445
20.3224
9.90022
8.7636
10.3161
8.71651
9.86393
12.3519
12.963
8.83297
10.7112
12.2614
12.7919
18.5681
15.1883
10.2503
9.62035
9.00851
8.64314
9.96734
14.0324
9.98722
8.7336
11.2633
10.5397
12.5782
14.8402
18.8061
8.81685
10.0463
10.2707
10.2756
8.76139
10.137
10.0288
8.58402
10.3283
9.80339
10.1066
11.3459
14.9431
16.3854
9.68572
9.84222
8.66789
11.8633
11.9749
11.062
9.36443
12.9492
17.3584
17.1051
8.77156
8.61318
10.1031
10.6647
11.3196
14.452
17.3201
16.0455
10.3171
8.60726
10.0671
8.67089
11.3956
11.7804
14.281
20.0033
10.5882
9.13501
10.2782
10.2373
8.82164
10.1018
11.4469
10.9207
9.81368
13.7117
18.2974
15.1156
8.83701
8.72485
12.7132
9.10605
11.1865
13.7798
17.9549
16.1459
8.67906
9.25843
10.0501
11.9247
10.1138
11.3268
12.3058
18.316
14.3922
10.0351
10.2732
10.0256
8.54606
10.1261
11.7657
15.8241
18.9018
9.77718
10.2345
9.57435
10.3149
10.0407
10.2023
9.87472
8.86947
9.97851
9.3846
9.24547
11.9749
12.5182
17.0796
15.2061
8.67035
10.0686
8.72902
9.86114
10.0977
8.84551
9.85285
12.4639
14.234
15.7867
17.6444
10.1352
10.3031
9.70593
9.29389
9.93043
8.82652
11.3178
8.79947
9.4731
10.938
13.2007
17.4922
14.6785
10.0299
9.9318
8.61314
10.0519
8.57793
11.4355
11.1475
8.50818
10.0902
8.8976
11.7932
15.0603
18.6105
10.5709
8.85464
8.99035
8.62964
9.11497
12.6165
11.6579
9.28689
11.5284
15.3097
17.5404
8.70064
8.70606
10.15
13.4609
10.9367
12.2087
14.8636
16.7271
15.9223
10.0701
10.0516
9.08043
10.2191
10.05
10.3056
11.5206
15.0336
20.2644
9.96664
8.6526
9.06193
8.70552
12.5612
10.0786
8.74726
10.9523
10.5848
11.835
17.5339
15.9
8.78189
8.75097
8.84381
11.3649
12.412
10.2445
11.7409
13.9366
18.1449
14.2544
10.1654
8.76481
9.28735
8.57193
10.2413
9.78397
12.5603
11.2765
9.65705
12.2281
14.0229
15.2487
17.6889
8.64372
8.68047
10.0718
10.0864
9.84314
8.90985
11.24
8.92864
9.32822
10.9682
9.56809
10.0445
11.9765
13.0834
16.8471
15.5647
8.70647
8.65306
8.90601
8.87276
14.5872
9.69826
8.78493
11.4653
14.3074
18.6856
15.1801
10.171
9.77597
9.70059
8.58114
11.5417
10.3166
10.2829
13.4603
20.6468
9.84339
10.0247
10.1268
10.2735
9.18497
8.65143
9.81455
11.6828
8.99114
9.12256
9.17556
12.0554
13.867
20.039
10.2774
8.70214
9.06376
10.1021
9.79493
8.6276
13.6677
9.5728
9.03914
10.3252
9.14639
12.1733
14.9097
18.0633
9.71122
8.61064
8.51164
9.59789
9.88343
11.4174
11.6158
10.0668
9.09981
12.5346
19.2227
12.1092
9.96993
9.06931
9.15268
8.56585
12.5147
9.66893
10.5152
9.25526
12.4603
16.1554
18.1891
9.16739
10.025
10.0919
9.09681
9.8636
11.3009
11.8052
13.7594
18.3269
14.7254
10.2246
10.0785
8.84243
8.66222
12.3838
12.4303
13.5988
19.2693
13.0608
8.86002
10.2194
8.96302
10.8222
12.7243
18.1367
16.0536
10.6344
10.2388
10.1931
10.0015
9.24418
10.9554
12.4287
15.5148
15.3803
9.95914
9.30651
10.3271
10.6858
10.1299
13.2509
10.4774
12.2916
12.2778
17.4734
15.5155
10.2998
10.3009
9.07914
8.64147
10.2657
12.109
10.0016
8.87026
11.748
12.1511
18.666
14.4555
10.3146
9.83251
8.50022
9.9656
11.0894
11.2948
11.5992
13.2006
19.4249
14.7769
10.2543
9.25447
8.68597
10.0279
13.0468
8.84018
10.5911
9.55526
10.6538
14.3952
20.918
8.79518
8.49302
10.641
10.1862
10.3583
10.85
12.4535
12.6977
16.2822
16.2917
10.0847
9.02831
8.70343
10.0641
9.57697
12.5716
9.10535
10.8151
10.0867
12.1512
11.8254
14.4042
15.293
16.8201
8.78972
9.80422
10.0572
10.2025
9.10972
8.68668
11.1882
9.77984
10.7851
13.9197
20.9493
9.77368
8.76889
8.73056
8.83035
9.7398
14.3662
9.99897
10.5685
10.4233
13.6368
17.0947
14.7645
9.80251
9.1046
9.0451
8.70522
12.8915
8.55706
8.63701
8.94593
12.8914
11.8394
12.5143
18.0024
15.5337
9.97272
8.97377
8.80431
8.82781
11.7705
11.0372
10.8751
10.2777
11.0079
14.4718
19.0894
8.64139
8.65972
10.0515
10.1314
12.2772
8.53131
9.83468
9.19789
11.1034
15.8688
20.1274
10.0218
10.2663
8.86835
10.0168
9.64389
11.1676
8.80422
11.5047
13.0529
13.381
19.5213
10.0833
8.6526
8.73631
8.56506
8.76239
10.7006
11.7305
12.3501
9.94055
10.7217
9.54885
9.45122
11.6854
13.3264
15.3084
19.4024
9.06706
9.00614
8.74514
11.7751
10.9898
9.34672
10.3397
11.4875
16.7644
17.3985
8.63547
10.1798
10.0162
10.3238
10.9702
8.56518
8.48993
10.4223
14.2404
18.4696
12.5706
10.1105
10.1373
9.84668
8.76981
10.0718
9.38647
8.9856
13.0607
11.0108
10.605
13.5672
16.5544
17.3847
10.1225
8.9991
8.82818
9.62147
10.7172
13.1449
9.65034
11.4608
16.1094
20.0731
8.65993
8.67627
10.4749
12.3267
9.92226
10.8243
13.9489
15.8885
17.0951
8.94122
10.0408
8.79072
8.87547
10.4906
13.1875
10.2201
9.64155
11.5996
12.8775
16.2918
15.698
8.93768
8.66093
10.271
8.64935
8.91947
10.1183
10.0206
10.2298
8.90239
10.2636
11.1472
9.35564
9.85647
10.0295
10.3376
13.8729
16.7139
13.5678
9.23168
9.08585
8.91172
9.94651
9.69401
11.2005
13.0988
9.54772
9.29381
9.79426
10.5655
13.2786
17.0879
13.5756
9.25851
9.10031
9.30418
10.6022
11.4908
10.0722
12.0275
15.862
17.1347
9.56843
8.79085
9.2951
9.63785
8.98935
13.2019
10.1375
9.94118
10.0446
10.7718
12.7445
16.6943
14.4532
9.07414
9.34439
9.13151
9.46614
9.97172
12.6538
9.57935
9.35143
10.7916
11.5854
15.5368
17.2427
9.57426
9.6458
8.82322
10.7767
11.2771
9.19285
9.59439
10.839
11.7477
14.8099
19.0003
9.07681
9.55905
9.12939
9.31743
10.6965
11.8565
9.39539
9.10743
9.11772
9.82897
10.7331
11.9536
13.5636
19.0982
9.54085
8.97485
9.59655
9.07651
9.59064
10.2879
11.6165
8.83564
10.3784
10.8889
13.2819
18.2681
11.3897
9.06001
9.47551
9.44414
10.2013
12.8431
9.29905
9.35393
9.16531
9.59735
10.7585
12.8597
18.2175
14.0178
9.12893
9.57147
9.24618
8.84577
11.73
10.0226
12.3447
17.4647
14.1134
9.10101
9.27214
9.6066
9.12147
9.75689
11.4827
10.4798
9.34714
9.66947
8.7831
10.4541
10.2971
13.8279
15.6126
16.7692
8.01477
8.99747
8.8421
9.32193
9.56122
9.33997
10.0746
10.4922
12.7653
9.3011
9.82172
10.3223
13.3064
17.1975
14.2342
8.85906
9.08851
9.44993
9.52605
9.10018
10.8492
11.6007
13.0331
11.4398
9.40264
10.0069
11.247
14.0434
17.5652
13.4133
9.52897
9.14222
9.46239
9.09772
9.55568
9.16664
13.2301
9.9943
9.0626
9.39705
9.41347
10.3166
10.7413
12.0705
15.2335
15.3602
12.2341
9.78943
8.91885
10.0528
9.54843
9.5691
9.20601
9.4883
9.5258
13.035
9.53147
10.3582
12.1334
16.6756
15.1966
9.57055
9.48189
9.63289
8.96381
11.2967
9.09356
9.44826
10.2682
11.426
15.9995
14.5974
11.0226
9.5426
9.32272
9.37926
9.47889
9.35251
10.1836
12.0309
11.9197
8.82381
9.48264
9.14593
9.63647
11.0207
13.6182
17.7454
12.8863
9.32835
9.33801
9.15097
9.53572
11.9098
9.51605
9.35535
10.0422
12.7117
14.5066
16.9731
10.3688
9.09839
8.9151
9.46872
9.32422
10.1917
13.6664
9.5786
9.41176
8.8551
9.15947
9.37101
9.72964
10.0523
11.8514
13.4871
16.3984
11.1147
9.61289
9.03335
9.23681
11.8972
10.6759
9.84272
12.0075
15.076
16.5714
9.66285
9.78834
9.73422
9.35426
10.6621
11.7635
9.61822
10.0434
10.9304
11.2794
13.1977
12.8508
14.9301
15.3926
9.5691
9.29755
8.89231
9.56451
10.1135
10.7148
13.7312
9.31143
9.9403
10.0273
13.9215
16.4248
15.758
9.36435
9.34035
9.00197
9.19022
9.29051
10.7535
12.5098
9.35201
9.22781
9.42814
9.6043
10.2758
11.95
14.7092
14.819
12.7112
9.32451
9.07347
9.6043
12.1525
9.21118
1.50662
0.219791
