3.78536
1.31554
1.38358
1.19375
1.2177
1.12616
1.27141
1.15529
1.22558
1.29075
1.17737
1.25829
1.03441
1.25504
1.07591
1.08045
1.14925
1.10204
1.24195
1.24158
1.16375
1.23525
1.25266
1.08687
1.14429
1.2515
1.278
1.23737
1.11537
1.16675
1.20804
1.30216
1.2305
1.16262
1.10833
1.199
1.24904
1.20183
1.14612
1.21096
1.16183
1.55099
1.07358
1.16475
1.1297
1.14054
1.25787
1.26675
1.1365
1.08304
1.1932
1.20033
1.08654
1.16983
1.16858
1.28308
1.26262
1.1555
1.33133
1.08404
1.10741
1.16937
1.21512
1.23133
1.47145
1.22204
1.11008
1.17437
1.15291
1.16791
1.36066
1.17141
1.25266
1.29745
1.15091
1.13146
1.3055
1.08433
1.23891
1.02525
1.13237
1.11979
1.1345
1.25983
1.19883
1.09779
1.22237
1.14812
1.20466
1.15
1.20841
1.15358
1.16612
1.0695
1.16716
1.23004
1.26741
1.14508
1.18775
1.15016
1.13133
1.18129
1.3197
1.17008
1.08141
1.34129
1.19196
1.07658
1.22225
1.07525
1.27025
1.16437
1.14233
1.23525
1.20408
1.24708
1.13275
1.20887
1.16008
1.21745
1.1702
1.20504
1.19079
1.12212
1.20295
1.20262
1.19954
1.18141
1.1515
1.21033
1.22045
1.1397
1.17771
1.25016
1.15316
1.096
1.24225
1.22437
1.19745
1.29195
1.1465
1.1412
1.37512
1.15887
1.17916
1.36075
1.17383
1.13291
1.14937
1.13495
1.20475
1.25566
1.20295
1.21266
1.22033
1.20291
1.23537
1.15308
1.23983
1.33791
1.17004
1.21866
1.12208
1.14646
1.16416
1.15704
1.27475
1.13116
1.41416
1.22016
1.21383
1.21804
1.1262
1.15216
1.22446
1.20258
1.13483
1.34641
1.14425
1.20804
1.20129
1.25366
1.16933
1.16204
1.2592
1.2165
1.09816
1.05266
1.2147
1.20721
1.18545
1.15941
1.09333
1.35266
1.15266
1.09958
1.0935
1.1942
1.19841
1.14029
1.06408
1.16725
1.2987
1.14475
1.16179
1.09962
1.2037
1.19287
1.13316
1.09071
1.1565
1.26216
1.11079
1.2827
1.23187
1.20387
1.23416
1.14916
1.21283
1.20504
1.36754
1.16233
1.1522
1.35691
1.19646
1.15416
1.25358
1.14462
1.13591
1.41779
1.21087
1.25979
1.29962
1.30045
1.37325
1.14541
1.1665
1.20971
1.31083
1.14154
1.22975
1.25625
1.27095
1.14041
1.4235
1.20283
1.22391
1.41983
1.10029
1.23008
1.30104
1.17183
1.1597
1.22333
1.24821
1.19733
1.14025
1.2255
1.2102
1.23821
1.09112
1.13962
1.20558
1.28204
1.20533
1.15679
1.21133
1.24025
1.15495
1.15504
1.2265
1.16521
1.46275
1.23608
1.21462
1.2627
1.32216
1.15233
1.25783
1.27195
1.07958
1.37087
1.20483
1.06733
1.18483
1.10358
1.15266
1.2952
1.21921
1.13841
1.21545
1.18204
1.11829
1.20183
1.11079
1.10679
1.28795
1.10054
1.19233
1.11162
1.15787
1.03633
1.239
1.17766
1.11616
1.50216
1.10983
1.31979
1.04808
1.20812
1.16125
1.38216
1.08445
1.17004
1.103
1.35187
1.08233
1.1615
1.27416
1.14016
1.20541
1.21721
1.14533
1.16637
1.03125
1.13316
1.18508
1.25916
1.04937
1.069
1.12512
1.19558
1.15275
1.12329
1.44741
1.16612
1.26183
1.0895
1.10216
1.19454
1.24345
1.09679
1.28862
1.10191
1.139
1.28245
1.09387
1.21708
1.11245
1.09095
1.06154
1.107
1.33425
1.17687
1.12191
1.0347
1.10608
1.42979
1.06629
1.15841
1.05612
1.28987
1.07112
1.14483
1.29154
1.13845
1.08041
1.22504
1.0895
1.03641
1.28929
1.08541
1.07054
1.12487
1.09104
1.15
1.16158
1.19521
1.17454
1.24737
1.07975
1.12379
1.08491
1.20545
1.09691
1.05937
1.22666
1.09029
1.14337
1.03154
1.11887
1.35608
1.08346
1.08633
1.21845
1.27616
1.14604
1.20908
1.19208
1.18433
1.24016
1.0975
1.09946
1.10058
1.15529
1.09104
1.10104
1.21562
1.10062
1.19112
1.08712
1.02775
1.15596
1.33858
1.10241
1.03791
1.32608
1.04716
1.16679
1.11137
1.04641
1.10187
1.24962
1.23762
1.04637
1.28941
1.22933
1.15729
1.02062
1.21137
1.19504
1.25733
1.17808
1.07241
1.32525
1.27904
1.11962
1.20987
1.16525
1.13141
1.05995
1.3457
1.11941
1.3712
1.16537
1.174
1.13241
1.20425
1.12604
1.14875
1.24458
1.09775
1.34366
1.12633
1.09737
1.18854
1.31341
1.04746
1.13333
1.13804
1.16204
1.15854
1.03666
1.2297
1.1622
1.17841
1.09704
1.12146
1.3887
1.23575
1.03329
1.12404
1.23016
1.09979
1.06766
1.26487
1.08137
1.28933
1.12975
1.1597
1.05758
1.11816
1.07179
1.14291
1.18312
1.15408
1.2255
1.16095
1.10087
1.02991
1.14225
1.16166
1.04795
1.23312
1.35266
1.09591
1.18975
1.27987
1.03412
1.16541
1.13037
1.20512
1.26175
1.35179
1.09287
1.10975
1.14566
1.1742
1.1645
1.22479
1.07595
1.15616
1.39037
1.17025
1.16725
1.25537
1.18691
1.09621
1.11071
1.14745
1.40583
1.169
1.10133
1.20758
1.32387
1.08387
1.1557
1.1262
1.17416
1.08175
1.23658
1.17925
1.18425
1.25537
1.08087
1.09825
1.2317
1.34154
1.08525
1.14791
1.12441
1.21354
1.15079
1.19666
1.09158
1.38579
1.15887
1.09612
1.11583
1.27
1.37737
1.09612
1.14033
1.10129
1.285
1.18687
1.01696
1.10179
1.37271
1.14196
1.24329
1.01929
1.17737
1.43687
1.07929
1.14254
1.18604
1.42666
1.0985
1.3265
1.1285
1.12004
1.13362
1.24483
1.20445
1.1325
1.17833
1.10762
1.32862
1.013
1.2895
1.21229
1.0995
1.11304
1.17991
1.14791
1.15587
1.22779
1.11837
1.12262
1.16616
1.03029
1.18529
1.29312
1.23033
1.1862
1.138
1.18633
1.10354
1.17312
1.19745
1.20237
1.30316
1.27529
1.2077
1.27558
1.20279
1.30562
1.18
1.25691
1.13216
1.29375
1.28237
1.03866
1.29437
1.23446
1.31566
1.17604
1.13475
1.17341
1.14254
1.17337
1.16533
1.12104
1.11229
1.09754
1.14245
1.31745
1.12095
1.12491
1.24995
1.12191
1.02054
1.19575
1.21866
1.12245
1.25275
1.15046
1.19979
1.11871
1.21404
1.15962
1.17116
1.28562
1.08929
1.22662
1.16854
1.19058
1.06158
1.251
1.23416
1.12495
1.16383
1.10729
1.14612
1.23721
1.09491
1.05675
1.24562
1.14787
1.05671
1.22591
1.164
1.04616
1.17679
1.17721
1.08579
1.19429
1.31704
1.17183
1.30104
1.22537
1.27262
1.18087
1.18891
1.185
1.08825
1.09025
1.16983
1.24362
1.06762
1.24362
1.13729
1.11733
1.22062
1.38087
1.08908
1.20958
1.27087
1.12341
1.22166
1.12333
1.315
1.23037
1.21887
1.15658
1.22458
1.22929
1.29608
1.24158
1.10158
1.18829
1.18587
1.23262
1.20745
1.28329
1.38333
1.22287
1.26266
1.061
1.15954
1.18412
1.21812
1.08162
1.13671
1.23233
1.11916
1.19012
1.28541
1.20941
1.18754
1.21387
1.10829
1.09866
1.1485
1.05866
1.17566
1.15991
1.23229
1.15179
1.18491
1.16466
1.25291
1.30612
1.17796
1.24421
1.16533
1.17687
1.16304
1.1697
1.09362
1.26462
1.24508
1.25941
1.33191
1.09291
1.36641
1.15679
1.22708
1.16595
1.1947
1.10904
1.10166
1.26504
1.10962
1.13521
1.10983
1.20587
1.37075
1.2115
1.162
1.1967
1.09254
1.29483
1.14708
1.24304
1.13629
1.17558
1.1287
1.14741
1.19108
1.15387
1.17083
1.26362
1.09262
1.26466
1.15916
1.32779
1.16295
1.20979
1.17383
1.08141
1.16654
1.31695
1.25829
1.27029
1.11879
1.23404
1.23491
1.20716
1.17712
1.22646
1.14083
1.21208
1.18445
1.26191
1.1797
1.46375
1.16754
1.22987
1.37316
1.26395
1.15858
1.21175
1.23508
1.12541
1.26195
1.13266
1.1445
1.18933
1.26545
1.14212
1.2395
1.1945
1.14566
1.14616
1.19904
1.25854
1.12266
1.16521
1.2732
1.30333
1.18837
1.24045
1.24654
1.15695
1.24283
1.12041
1.20287
1.15041
1.21575
1.26662
1.14762
1.16479
1.10483
1.20521
1.23954
1.13633
1.21983
1.34695
1.02562
1.16287
1.22
1.10737
1.14037
1.16466
1.2652
1.09629
1.1677
1.245
1.09279
1.187
1.35966
1.16487
1.15187
1.21854
1.24325
1.16616
1.22241
1.2452
1.36733
1.10691
1.102
1.20587
1.2277
1.24891
1.1705
1.19646
1.20733
1.17325
1.14304
1.15516
1.0305
1.21054
1.23029
1.13746
1.20771
1.21462
1.36295
1.21075
1.13833
1.11316
1.31975
1.20841
1.20516
1.12666
1.32487
1.15458
1.14879
1.20104
1.11491
1.13116
1.09004
1.19266
1.16587
1.12979
1.19312
1.15779
1.07779
1.22033
1.18446
1.148
1.18729
1.1715
1.2915
1.21675
1.31791
1.28108
1.2177
1.25504
1.21504
1.14783
1.18366
1.18987
1.14966
1.17191
1.18212
1.15141
1.17379
1.20037
1.15987
1.08958
1.23362
1.13479
1.19975
1.21066
1.15212
1.1495
1.13054
1.33029
1.23854
1.19004
1.3685
1.13629
1.17229
1.16625
1.227
1.15275
1.18583
1.26558
1.15358
1.15545
1.31091
1.23433
1.18441
1.31787
1.19125
1.21637
1.22129
1.09858
1.20933
1.2427
1.17246
1.15133
1.15241
1.20945
1.28033
1.13975
1.20808
1.32337
1.3407
1.14758
1.25608
1.30304
1.15804
1.3302
1.13183
1.14729
1.23733
1.14341
1.15637
1.18358
1.19887
1.15108
1.28429
1.18758
1.21246
1.3817
1.10866
1.15345
1.19437
1.14146
1.1552
1.1697
1.097
1.14379
1.22016
1.15816
1.13625
1.16812
1.1115
1.16533
1.19537
1.1745
1.19121
1.17829
1.13596
1.16637
1.13983
1.23041
1.14812
1.21896
1.18679
1.15095
1.14258
1.19683
1.12758
1.11258
1.20458
1.15008
1.16225
1.2265
1.13133
1.1662
1.14337
1.22266
1.24316
1.11354
1.21754
1.16266
1.30245
1.21829
1.1737
1.20137
1.11996
1.20887
1.16708
1.10512
1.21929
1.25325
1.25233
1.08466
1.1522
1.14895
1.1262
1.18225
1.20995
1.13641
1.17604
1.24412
1.11645
1.12041
1.16454
1.20537
1.15345
1.22887
1.09783
1.13325
1.19937
1.19846
1.23387
1.0817
1.15787
1.20566
1.2415
1.13425
1.19204
1.16025
1.3382
1.1457
1.2545
1.15966
1.07491
1.25512
1.13295
1.2612
1.144
1.42433
1.20579
1.16187
1.30616
1.17495
1.19383
1.21116
1.25645
1.22266
1.16525
1.13058
1.25133
1.18187
1.20837
1.16866
1.18512
1.19612
1.15033
1.28183
1.21858
1.21625
1.20241
1.22
1.0912
1.11412
1.46112
1.16779
1.16375
1.0705
1.21387
1.1145
1.19895
1.19287
1.15521
1.17008
1.21066
1.19041
1.1242
1.246
1.02154
1.12608
1.14596
1.11083
1.15162
1.24779
1.14225
1.15062
1.27762
1.12283
1.11829
1.27162
1.20108
1.2267
1.24454
1.11408
1.05275
1.19712
1.25504
1.10645
1.10366
1.26429
1.176
1.11975
1.15204
1.26545
1.16141
1.13345
1.13579
1.09504
1.25208
1.168
1.12008
1.22096
1.32645
1.14737
1.11521
1.26075
1.17812
1.26237
1.07829
1.17312
1.10341
1.22437
1.07062
1.14875
1.08966
1.52708
1.09191
1.19521
1.05275
1.13546
1.40962
1.0817
1.17179
1.15796
1.30133
1.1552
1.12033
1.27775
1.14262
1.15266
1.18141
1.0937
1.16345
1.24112
1.08279
1.09196
1.16558
1.11929
1.09866
1.1295
1.16187
1.22183
1.27741
1.07983
1.19075
1.30075
1.11416
1.08808
1.24429
1.17625
1.49837
1.22787
1.20191
1.13416
1.23091
1.21158
1.11829
1.17379
1.21325
1.14262
1.22141
1.099
1.08837
1.36245
1.27495
1.09854
1.09704
1.28645
1.10987
1.20045
1.1085
1.44674
1.08058
1.09741
1.18754
1.39104
1.13162
1.11408
1.18462
1.16166
1.19625
1.194
1.11225
1.04866
1.24825
1.15791
1.11783
1.18912
1.27295
1.11275
1.12462
1.12858
1.09208
1.14429
1.17758
1.18433
1.13521
1.21333
1.07866
1.16091
1.26854
1.19829
1.15125
1.2242
1.14933
1.09441
1.27708
1.25066
1.04558
1.14625
1.2725
1.19054
1.10387
1.19408
1.02191
1.21133
1.25791
1.05004
1.09712
1.35062
1.56354
1.10295
1.20262
1.28554
1.06529
1.21025
1.22375
1.11387
1.39608
1.30737
1.10229
1.14541
1.16475
1.11383
1.07316
1.09029
1.23683
1.09346
1.30408
1.12662
1.03533
1.35012
1.21304
1.04146
1.1712
1.3145
1.09895
1.1975
1.13858
1.35237
1.11991
1.17504
1.39016
1.17204
1.22558
1.19883
1.20737
1.11958
1.20137
1.23708
1.08837
1.16945
1.31679
1.09833
1.20275
1.0677
1.12546
1.2002
1.36875
1.18441
1.1012
1.19616
1.18837
1.17466
1.13862
1.35583
1.10325
1.10179
1.23841
1.18141
1.3215
1.3135
1.10875
1.0345
1.17208
1.23937
1.13912
1.21666
1.10641
1.02995
1.16808
1.39104
1.06946
1.04995
1.16454
1.15675
1.15095
1.37891
1.26129
1.09479
1.1367
1.28825
1.14083
1.17258
1.1812
1.11966
1.09258
1.13425
1.24341
1.08679
1.14183
1.2102
1.11854
1.12179
1.20512
1.22437
1.07245
1.14671
1.10254
1.14887
1.16787
1.19362
1.1975
1.18737
1.18796
1.14175
1.08766
1.12383
1.08554
1.04595
1.29287
1.24604
1.10833
1.42691
1.17504
1.11491
1.18691
1.2407
1.13954
1.05066
1.11537
1.13833
1.08204
1.3065
1.15187
1.12016
1.05162
1.16558
1.09625
1.18329
1.18854
1.10583
1.17187
1.17662
1.26433
1.1105
1.3717
1.16112
1.08533
1.20321
1.28304
1.20195
1.15741
1.12
1.13325
1.2527
1.08825
1.34883
1.0872
1.31021
1.15912
1.1162
1.05783
1.0905
1.108
1.3097
1.26475
1.08262
1.10841
1.12045
1.32166
1.07733
1.02283
1.17641
1.15437
1.22825
1.16366
1.09441
1.07795
1.09225
1.199
1.08075
1.14479
1.30195
1.14466
1.1625
1.2175
1.27354
1.12108
1.33033
1.18258
1.12854
1.17916
1.05191
1.15379
1.18991
1.10741
1.03112
1.08141
1.15225
1.2445
1.0167
1.16954
1.18054
1.33708
1.08071
1.21975
1.10004
1.15345
1.24941
1.33408
1.03308
1.1742
1.116
1.09212
1.0292
1.25066
1.22225
1.07408
1.17808
1.09833
1.31225
1.15979
1.3025
1.08004
1.18875
1.47237
1.11391
1.26958
1.17454
1.11425
1.15854
1.15925
1.06558
1.13029
1.2732
1.08862
1.15362
1.22079
1.18295
1.17787
1.179
1.39533
1.07887
1.3052
1.2222
1.08071
1.12137
1.18133
1.06612
1.22175
1.22016
1.19558
1.01854
1.23237
1.35566
1.19862
1.38183
1.20341
1.21137
1.17812
1.21804
1.08895
1.198
1.22616
1.21025
1.09862
1.19412
1.26695
1.35787
