0.954247
0.934664
0.929288
0.923664
0.984664
0.993914
1.11066
0.822456
0.857373
0.905747
1.0012
1.02391
0.865456
0.89333
1.00758
0.838497
0.970997
1.00141
0.894873
0.856539
0.793456
0.873164
0.892748
0.814914
0.996497
1.0625
0.933414
0.893289
0.822122
0.97558
0.931414
1.09575
0.887955
0.932956
1.01437
0.957038
1.019
0.952955
0.942205
0.966664
1.00954
0.87358
0.836248
0.99283
1.02962
0.756414
0.88083
0.925788
1.017
0.993914
0.931955
0.953247
1.05991
0.892123
0.958747
0.871206
0.851831
0.979705
0.877872
0.829706
1.00046
0.933163
0.947872
0.873581
0.893914
0.903706
1.01341
0.938997
0.966164
0.949956
0.929372
0.938789
1.0155
0.843872
0.984539
0.989497
0.866955
1.00162
0.943455
0.817123
1.01866
0.741665
0.981247
0.93383
0.912123
1.01283
0.989497
0.904456
0.944122
0.94758
0.955705
0.975913
0.958455
0.815247
1.01579
0.963038
0.83629
0.943831
1.02512
0.95783
1.00937
0.928081
0.86758
0.97533
0.975831
0.886789
0.956913
0.838497
0.954747
1.00046
0.994455
1.04375
0.956914
0.961122
0.98133
0.97633
0.976789
0.937873
0.923247
1.01479
0.977205
0.885456
1.00783
0.969289
0.940164
0.897539
0.954206
0.921789
0.919331
0.87483
0.995539
0.944372
0.943039
0.862705
0.977039
1.03454
0.958997
0.97458
0.868706
0.903039
0.938455
0.918289
0.906164
0.965581
0.879331
0.926206
0.859789
0.894081
0.941497
0.900206
0.936705
0.909914
0.856372
0.854872
0.990914
1.00075
0.848331
0.985872
0.854581
0.897122
0.950247
0.905497
0.875664
1.05654
0.973539
0.936206
0.888956
0.943664
0.883289
0.876664
0.855081
0.976913
0.968955
0.928123
0.990205
0.914456
0.907747
0.899998
0.940831
0.848622
0.909455
0.90658
0.901706
0.865123
0.850372
0.937414
1.06237
0.857706
0.88658
0.994914
0.954456
0.888998
0.894289
0.931539
0.920372
0.931664
0.995622
0.833455
0.898372
0.969788
0.948164
1.07216
0.901872
1.0545
0.893164
0.943164
0.854498
0.905456
1.07787
0.91858
0.94883
0.893664
0.997539
0.837789
0.971872
0.893997
0.838914
0.945164
0.890872
0.820955
0.944039
0.924497
0.958122
0.949914
0.958413
0.89383
0.925788
0.910831
0.881872
0.924664
0.949581
0.837123
0.974788
0.953331
0.942205
0.928664
0.940247
0.852747
0.943622
0.946164
0.900455
0.946122
0.926997
0.96533
0.962622
0.844039
0.839456
1.05116
1.00908
0.956372
0.930747
0.949122
0.98283
0.916622
0.956539
0.875289
0.889913
0.862123
0.820289
0.921247
1.02621
0.926581
0.808539
0.90733
0.922372
0.912664
1.03
0.941664
0.921622
1.03016
0.886164
0.946789
0.931913
0.944789
0.840289
1.03833
0.979081
0.93458
0.914414
0.872956
0.953331
0.97958
0.93808
0.879497
1.01971
0.875914
0.952414
0.868498
0.900831
0.924123
0.898581
0.85533
0.889789
0.910456
0.872039
0.831206
0.921956
0.796914
0.924872
0.844748
1.04825
0.929747
1.08154
0.812622
0.857373
1.05966
0.758873
0.854997
0.949497
0.931289
0.861206
0.924372
0.889997
0.835997
0.885414
0.895747
0.823081
0.97733
1.07475
0.922372
0.781497
0.785165
0.831872
0.817456
0.894372
0.751748
0.844373
0.942789
1.07671
0.824498
0.836456
0.863872
0.828497
0.815165
1.00275
0.749373
1.10016
0.824081
0.821289
0.777997
0.982122
0.853289
0.876914
0.828997
0.780373
1.02546
0.749414
0.840747
0.849539
0.821665
0.851581
0.834123
1.04991
0.766955
0.824039
1.04221
0.897247
0.984872
0.802497
0.783206
0.905247
0.939247
0.803497
0.757581
0.940622
0.766622
0.845206
0.955873
0.829206
0.782373
1.15079
0.826081
0.897497
0.765206
0.835748
0.839914
0.780206
0.918456
0.790748
1.08512
0.884372
0.849789
0.900331
0.977205
0.827873
0.965248
0.946247
0.831206
0.837081
0.881206
0.830414
0.941289
0.902289
0.809414
0.788373
1.095
0.833164
0.777164
0.898497
0.804539
0.986247
0.830248
0.873497
0.856748
1.02008
0.834331
0.82833
1.08329
0.824872
0.77954
0.868664
0.842414
0.844955
1.03658
0.816998
0.875372
0.929164
0.907288
0.862664
0.97008
0.899247
0.867623
1.05625
0.762706
0.914789
0.863414
0.990788
0.750289
0.86658
0.968413
0.772289
1.05904
0.753748
0.827706
0.998663
0.859039
0.860748
0.773039
0.920205
0.835873
0.901414
0.867872
0.855331
0.930206
0.756665
0.849164
0.848998
0.98183
0.830247
0.765747
0.963039
0.843998
0.944956
0.865956
0.858289
1.0412
1.01741
0.908955
0.838123
0.995206
0.769289
0.77779
0.909248
1.0227
0.75429
1.031
0.827622
0.847039
1.0247
0.967289
0.883789
0.884205
1.03383
0.818497
0.861873
1.07108
0.870247
1.05441
0.804373
0.762664
0.906414
0.958163
0.819789
0.793748
0.952539
0.755164
0.977872
0.79854
0.806997
0.90808
0.976872
1.05658
0.904789
0.956163
0.911081
0.834789
0.807039
1.06954
0.776915
0.989413
0.755248
0.780039
0.993789
0.911664
0.893955
0.847705
0.972122
0.768956
0.782915
0.979122
0.906289
1.03141
0.877872
0.772623
0.866539
1.02766
0.745456
0.860748
1.06008
0.767915
0.990039
0.786539
0.849289
1.13133
1.00287
0.840164
0.760247
0.99458
0.867247
0.817748
0.943872
0.771248
0.858997
0.903497
0.830664
0.880081
0.965914
0.936622
0.825081
0.849039
0.972747
0.954664
0.890206
1.00025
0.890206
0.901372
1.03387
0.864705
0.805623
0.902456
0.894997
0.873872
0.781289
1.03175
0.956497
0.806914
0.773164
1.05471
0.931247
0.882248
0.912997
0.858122
0.938789
0.870539
0.872372
0.785915
0.975414
0.860539
0.837915
0.880956
1.06533
0.840581
0.849122
0.914081
0.94783
0.836706
0.83154
1.01708
1.04154
0.75754
0.908747
0.963497
0.803289
1.01916
0.890248
0.827872
0.777164
0.910331
1.03675
0.848122
0.993081
0.872247
0.781289
0.882998
0.979789
0.89083
0.833955
0.981081
0.83283
0.983205
0.933706
0.761039
0.908164
0.970913
0.765248
0.922413
0.950289
0.837539
0.964414
0.931581
0.774997
0.962122
0.952706
0.895873
0.912414
1.00987
0.954747
0.936497
1.01512
0.817081
1.00029
0.984914
0.769289
0.859747
1.01487
0.846622
0.960289
0.869122
0.756331
0.969664
0.977913
1.01662
0.871747
0.974372
0.939455
0.844122
0.853498
1.01762
0.914164
0.839956
1.01725
0.767956
0.983789
0.926164
0.848748
0.781915
0.990747
0.914831
0.867122
0.906997
0.965831
0.829373
0.93383
0.836248
0.985456
0.99883
0.819664
0.890373
0.898081
0.979372
0.855622
1.04287
0.983997
0.912039
0.772248
1.03946
0.815206
0.95508
1.08304
0.773747
0.964164
0.949831
0.927372
0.765456
0.976164
0.982664
0.813747
0.867664
0.979788
1.01629
0.895373
0.916747
0.741998
0.798706
0.938497
0.959955
0.818664
0.916122
0.91208
0.804164
0.971705
0.818623
1.13437
0.910831
0.906622
0.762706
0.89483
0.905747
0.966997
0.988539
0.870164
1.0075
0.981663
1.0247
0.819456
0.921372
0.885455
0.905373
1.05862
0.824206
1.01912
0.986872
0.976247
0.832747
0.949164
0.949872
0.79933
0.987913
0.921455
0.956414
0.965164
0.982497
0.844956
0.992455
0.995955
0.870831
0.963413
0.751414
1.02687
0.986122
0.895455
0.794122
1.03962
1.0585
0.745664
1.03379
0.766372
0.966747
0.979913
1.18208
0.818706
0.932705
0.995913
0.835789
1.07
0.829997
0.94258
0.980038
0.908289
0.773456
0.972289
0.943914
0.92033
0.91408
1.03425
0.956956
0.811998
0.976747
0.894539
0.919289
0.955331
0.891164
0.82808
0.948872
0.978289
0.873997
0.82158
0.947914
0.987497
0.964206
0.919788
0.843622
0.991914
0.925914
0.832081
0.958372
1.02229
0.927914
0.838872
0.891623
0.957247
0.816164
0.974664
0.873289
0.828664
0.949039
1.00316
0.968039
0.957122
0.998206
0.898581
0.777165
0.969497
0.903539
0.870581
0.928538
0.898247
0.928997
0.998664
0.898039
0.884164
0.834998
0.961081
0.973331
0.835372
1.02391
0.933455
1.07208
0.943497
0.880831
0.987497
0.946789
0.982789
1.05021
0.945706
0.766706
0.97158
1.02962
0.854664
0.965331
0.898081
0.873081
1.04562
0.881664
0.958205
0.994872
1.05241
0.821706
0.912664
0.924914
0.941955
0.871997
0.965164
0.93783
0.833081
0.930247
0.962539
0.980122
0.895122
0.93383
0.898497
0.944247
0.932331
0.870289
0.962956
0.956663
1.00083
1.02237
0.88008
0.835623
1.02004
0.841122
0.958289
1.04133
0.977705
0.91733
0.820914
0.90533
0.935997
0.883706
0.921497
0.829039
0.997622
0.913164
0.937747
0.832539
0.97683
0.888705
0.927539
1.00208
0.95758
0.832123
0.769498
0.877998
0.911914
0.930497
0.938956
1.08991
0.887247
0.920039
0.985039
0.829372
0.96758
0.894331
0.972038
0.976206
0.936497
0.932747
0.970247
0.924622
0.806289
0.977788
0.977622
0.887247
0.95408
0.98158
0.970914
0.926747
0.961038
0.928455
0.93408
0.950539
0.932914
0.76054
0.906748
0.89933
0.952414
1.00545
0.948581
1.08295
0.869789
0.93208
0.889623
0.929914
0.943872
0.920289
1.06029
0.955081
0.942372
0.918956
0.992413
1.04787
0.93833
0.957997
0.910039
1.16912
0.903664
0.985455
0.993206
0.882622
0.952497
0.918331
0.844248
0.963331
0.937122
1.01912
0.881247
0.985455
0.896664
0.890247
1.00029
0.913455
0.933205
0.945372
0.949955
0.869539
0.975039
0.876248
0.899164
0.996413
0.880039
0.853164
0.926205
0.912789
0.867664
0.900539
1.02204
0.960788
0.922289
0.863789
0.952164
0.995621
0.903122
0.863081
0.957413
0.894956
1.01179
0.980497
0.976955
1.002
0.975497
0.897873
0.992497
0.96933
0.885872
0.943497
0.849789
0.919497
0.953497
1.00766
0.974955
0.921663
0.91458
0.875664
0.952372
0.934955
0.839331
1.03104
0.961164
0.915039
1.04687
0.936789
0.914289
0.950372
0.930331
0.910789
0.98908
1.00246
0.915039
1.00566
1.003
0.869247
0.916373
0.986747
0.921289
0.95808
0.93933
0.948164
1.08821
0.960539
0.903997
0.971497
0.986622
0.924039
0.990747
0.971914
0.969372
1.11583
0.882123
0.900872
0.974914
0.885956
1.01308
0.898623
1.12741
0.855831
0.939247
0.976372
0.848247
1.04166
0.885456
1.02187
0.904289
0.923331
0.916705
0.931623
0.948456
0.949956
0.904247
0.885414
0.912748
0.964414
1.16187
0.884789
0.952414
0.941289
1.01783
0.912205
0.865789
0.860956
0.958789
1.01979
0.969122
0.82733
0.914997
0.938873
0.92933
0.911623
0.903663
0.929997
0.875164
0.931122
0.875123
1.04454
1.08421
0.895873
0.918122
0.883122
0.882664
0.958372
0.888706
0.951747
0.931872
0.959413
0.859914
0.877539
0.892456
0.930956
0.842581
1.09387
0.876872
0.909873
0.910789
0.897164
0.937205
0.88733
0.873289
0.945206
0.826997
0.898039
1.01641
0.887622
1.00216
0.98833
0.914414
0.938872
0.884206
0.885122
0.874497
0.768373
0.984289
0.918705
0.893247
0.942664
0.87633
0.997955
0.861664
0.913831
0.744998
0.895914
0.902914
0.930331
0.917205
0.837414
0.952622
0.822289
0.823998
0.862164
0.763206
0.852039
0.91208
0.774998
0.892247
0.783164
0.961206
0.840831
0.860373
1.06579
0.795831
0.843331
0.859164
0.876039
0.835039
0.854581
0.815956
0.840747
1.02466
0.826206
0.830081
0.787955
0.912039
1.00008
0.853372
1.05279
0.795997
1.09141
0.805956
0.804206
0.852664
0.974913
0.867497
0.797498
0.866747
0.868581
0.843998
0.957455
0.865456
0.903206
0.959039
0.849998
0.769289
0.87158
1.00112
0.775122
0.855498
0.896997
0.814497
0.797123
0.960748
0.866539
0.799122
0.933038
0.863247
0.846873
0.828872
0.82904
0.761831
0.856497
0.755915
0.860247
0.879956
0.820914
0.760872
0.992497
0.847622
0.872706
1.05133
0.743789
0.919414
0.896247
0.769372
0.891205
0.857831
0.988246
0.851039
0.784456
0.940205
0.831456
0.790664
0.826164
0.845414
0.902706
0.903914
0.806998
0.83758
1.04654
0.809748
0.765956
0.855122
0.954747
0.839164
0.882497
0.848289
0.891039
0.772622
0.892997
0.946372
0.759664
0.943455
0.976872
0.822623
0.921997
1.0652
0.760498
0.871539
1.06158
0.881206
0.881081
0.849206
1.03966
0.825539
0.814456
1.01875
0.770372
0.899122
0.928872
0.840331
0.846164
0.905164
0.999455
0.834789
0.91133
0.746831
0.854872
1.00883
0.859498
0.894622
0.862205
1.06462
0.765206
0.837248
1.0375
0.835664
0.792331
0.894914
0.89258
0.878581
0.955081
0.894289
0.834248
0.853831
1.04437
0.850831
0.787123
0.919997
0.831664
0.953456
0.887122
0.841581
0.769831
0.953789
0.823164
0.836372
0.859581
0.995414
0.841289
0.898914
0.87033
0.894289
1.01129
0.988789
0.880873
0.813414
1.02821
0.835039
0.777831
0.886831
0.916539
0.827455
0.816123
0.925122
0.779623
1.00754
0.911248
0.761206
0.849331
1.01666
0.856539
0.878539
0.786414
1.06658
0.843581
0.788997
0.876914
0.822622
0.79104
0.91283
0.739373
0.857122
0.922414
1.00775
0.767581
0.813623
0.919747
0.829039
0.843164
0.905873
0.813623
0.928539
0.893498
0.749831
0.901206
0.979539
0.889997
0.845289
0.968747
0.834664
0.882998
0.987705
0.871955
0.810872
0.92283
1.03454
0.754873
0.814289
1.01704
0.997455
0.839623
0.852372
0.967414
0.765831
0.94358
0.892664
0.87333
0.846622
0.98383
0.984664
0.831373
0.887955
0.890789
0.849414
0.892997
1.0112
1.11937
0.843706
0.985205
0.835997
0.843872
0.938872
0.906622
0.831498
0.787206
1.02266
0.838289
0.882622
0.952081
0.856164
0.884039
0.976372
0.898288
0.835998
0.99558
0.772206
0.848289
1.00112
1.03541
0.834956
0.864039
1.00829
0.830831
0.877581
0.948831
0.962914
0.841622
0.903998
0.985788
0.833831
1.10983
0.931997
0.786414
0.854164
0.918998
0.896622
0.845872
0.93233
1.01408
0.830206
0.782206
0.916664
0.912497
0.771081
1.03058
0.833956
0.867289
1.02941
0.848122
0.827914
0.946248
0.99858
0.956872
0.84179
1.00745
0.877747
0.976789
1.02704
0.826122
0.880039
0.964956
0.991955
0.822831
0.826498
0.997956
0.757123
0.839581
0.962122
0.920206
0.812081
0.843664
0.982039
0.892456
1.0227
0.976497
0.819247
0.808539
0.911539
0.894497
0.840872
0.957205
0.929455
0.827623
0.938413
0.865623
0.752373
0.99333
1.02412
0.911747
0.881705
0.919455
0.901289
0.765289
1.03237
1.05558
0.864539
0.853248
1.01696
0.925706
0.777039
0.941747
0.877664
0.907122
1.0192
1.05871
0.831081
0.889456
0.898914
0.950289
0.857706
0.940789
0.752497
0.940622
0.94308
0.921747
0.824373
0.97308
0.906413
0.842831
0.871289
0.968706
0.917123
0.78108
0.935997
0.869498
0.939081
1.06391
0.837539
0.785915
0.927247
0.912248
0.773623
0.930206
0.898372
0.826081
0.840789
0.924914
0.861456
1.01133
0.953288
0.828622
0.907789
0.933831
0.918456
0.823956
0.96133
0.880705
0.777581
0.928038
0.994038
0.946164
0.897331
0.951997
0.833831
0.979288
0.904331
0.925331
0.805039
0.958039
0.910622
0.940497
