25.1701
0.002791
0.002666
0.002625
0.002875
0.00275
0.002583
0.002792
0.00425
0.002458
0.003666
0.003875
0.002625
0.00425
0.002583
0.002834
0.002917
0.002625
0.003
0.003042
0.002917
0.002792
0.003041
0.002542
0.00275
0.003583
0.003041
0.0035
0.002792
0.002917
0.00275
0.002916
0.0025
0.002833
0.003042
0.003084
0.003459
0.002459
0.002625
0.002667
0.002541
0.003042
0.002833
0.002709
0.002583
0.00275
0.002666
0.003042
0.002667
0.00275
0.002792
0.003542
0.002917
0.002833
0.003375
0.002667
0.003166
0.003667
0.003
0.002792
0.003167
0.002542
0.003208
0.003209
0.002833
0.00325
0.003375
0.002541
0.003125
0.002708
0.002625
0.003
0.002917
0.003667
0.002958
0.0035
0.002667
0.003209
0.0035
0.002625
0.003292
0.002541
0.003084
0.002833
0.003083
0.002792
0.00325
0.003042
0.002458
0.002792
0.00325
0.0025
0.003
0.003333
0.0025
0.003459
0.003083
0.002708
0.003125
0.003208
0.003042
0.003333
0.003083
0.002917
0.002917
0.0025
0.002916
0.002833
0.002417
0.002958
0.002917
0.002792
0.003458
0.002792
0.003208
0.003166
0.003167
0.002833
0.002292
0.002708
0.002583
0.002709
0.003708
0.003084
0.002875
0.002791
0.00275
0.002875
0.003209
0.003875
0.002458
0.002542
0.003291
0.002833
0.002625
0.002916
0.003375
0.002833
0.003084
0.002833
0.003417
0.002791
0.003792
0.003333
0.003375
0.003
0.002542
0.003
0.002833
0.003042
0.002959
0.002875
0.002791
0.003
0.003541
0.002708
0.002416
0.003041
0.003
0.002667
0.003042
0.0025
0.003417
0.003125
0.002459
0.003042
0.002958
0.002708
0.002542
0.002666
0.002667
0.002583
0.00275
0.00275
0.00225
0.003583
0.00275
0.002833
0.002833
0.003334
0.003125
0.003208
0.002583
0.002875
0.003167
0.002417
0.002708
0.002792
0.003291
0.0035
0.002875
0.002708
0.002833
0.002667
0.003292
0.002875
0.003125
0.002667
0.002708
0.002709
0.002416
0.002708
0.003542
0.002666
0.002917
0.002791
0.003083
0.002875
0.002833
0.003709
0.002833
0.002292
0.003292
0.002833
0.002917
0.002584
0.002583
0.0025
0.003417
0.002666
0.002541
