34.4471
15.4061
14.6559
16.7968
20.9982
11.2591
10.9498
10.3228
9.99064
11.3152
13.4005
16.7059
19.4894
10.0886
9.56576
9.87368
10.2764
13.3113
12.4841
13.8907
12.275
10.549
11.4792
13.2285
16.1667
19.1985
10.1485
10.9534
10.6781
10.1997
9.39231
12.0611
10.2636
11.9888
15.1573
16.4099
16.3641
9.62655
9.38047
9.37243
10.5353
10.6937
13.4187
10.7303
12.4686
14.4301
19.1063
13.3333
9.77714
10.3108
10.1104
10.9633
11.4896
13.23
14.9159
19.7038
11.3947
9.35226
10.8568
9.36301
10.0632
10.0338
11.7649
10.1958
12.0548
14.5621
18.7397
14.9242
10.2925
9.30014
10.0209
9.92543
14.0206
9.2101
9.29935
9.65755
11.9788
12.6213
16.2569
19.3239
9.72726
10.1256
10.7958
10.5504
10.7718
10.5119
9.85584
9.63464
10.2218
11.9665
12.0879
15.7063
16.1571
14.8872
9.7033
9.6608
9.64314
12.6428
13.6207
9.72414
12.5238
14.2545
17.8304
16.0532
9.40897
10.6046
9.53897
9.8018
12.255
9.98639
14.8752
19.4761
14.0334
10.5345
9.62397
9.65851
9.55985
11.4478
11.3925
10.0482
12.0043
15.2713
19.6028
12.3604
9.81843
9.15351
9.86418
12.4385
11.2859
12.7514
15.1017
19.9344
12.2875
10.3022
9.46947
10.4549
11.1963
10.2677
10.2976
11.1445
16.0764
20.0326
11.2675
10.5422
9.86176
10.4701
10.0481
10.3378
10.0626
11.7176
14.3567
17.5665
16.4952
9.79243
10.3037
10.0261
10.0713
11.2684
11.3976
11.05
11.504
13.7103
16.933
17.3733
9.84276
8.83835
9.73618
9.8743
11.363
13.688
10.253
11.6875
12.673
14.1084
14.9482
17.5927
13.1842
10.0233
9.54276
9.81251
10.2229
10.121
14.2407
11.0489
10.5858
11.5293
12.097
16.0741
19.0913
9.9876
9.61914
9.86909
10.2119
11.155
9.84293
9.5848
8.95235
9.80555
11.4787
14.3499
16.6943
16.5439
9.57426
9.84701
9.89397
8.92501
9.8018
9.5953
15.3464
9.56464
10.5408
11.2575
14.0915
17.0956
16.8183
9.66693
9.6308
8.80639
9.64705
0.797206
0.194666
