3.81428
1.06512
1.11475
1.15529
1.1635
1.05904
1.18866
1.12254
1.3082
1.21333
1.20966
1.08887
1.28716
1.252
1.1942
1.08991
1.0835
1.10758
1.1457
1.13579
1.05471
1.14225
1.23104
1.11508
1.11937
1.09141
1.05171
1.14441
1.22696
1.26316
1.25625
1.17866
1.23708
1.20971
1.10375
1.17808
1.25487
1.20212
1.12475
1.03812
1.1015
1.11612
1.2307
1.15758
1.20004
1.11054
1.15046
1.16125
1.10616
1.10108
1.16895
1.05225
1.10212
1.16687
1.23825
1.19037
1.20125
1.21354
1.27504
1.1615
1.15695
1.22808
1.09254
1.1435
1.15054
1.2965
1.15658
1.05275
1.11025
1.13737
1.16791
1.13658
1.09071
1.1115
1.14833
1.12612
1.25533
1.34195
1.25808
1.15983
1.15175
1.09079
1.20304
1.2137
1.26962
1.34391
1.4117
1.25075
1.13287
1.03541
1.13533
1.14129
1.11196
1.04866
1.16762
1.17316
1.12904
1.0852
1.08895
1.37979
1.26054
1.22991
1.11954
1.13712
1.24421
1.18179
1.16183
1.22816
1.09758
1.17283
1.19954
1.44495
1.17433
1.09304
1.04546
1.11512
1.16041
1.08529
1.06546
1.11533
1.14008
1.13479
1.11504
1.43787
1.1245
1.18566
1.18425
1.10316
1.15979
1.16333
1.18583
1.23296
1.13787
1.189
1.33808
1.24958
1.19091
1.08916
1.10633
1.15779
1.23225
1.08146
1.04595
1.11346
1.19766
1.10133
1.05546
1.13495
1.17708
1.27525
1.36787
1.18625
1.21145
1.19308
1.20404
1.33208
1.15275
1.28341
1.13612
1.20887
1.31216
1.34658
1.344
1.09041
1.10937
1.1465
1.09533
1.07958
1.12933
1.17512
1.14104
1.07958
1.15075
1.18866
1.1787
1.20529
1.11475
1.17616
1.18491
1.09383
1.15862
1.19929
1.13175
1.16012
1.22345
1.22433
1.24575
1.22762
1.13154
1.15162
1.15829
1.0777
1.04083
1.09204
1.16396
1.14279
1.14845
1.11012
1.11671
1.15675
1.29616
1.13395
1.08958
1.173
1.208
1.0817
1.17891
1.19683
1.10816
1.28091
1.21612
1.34558
1.2315
1.09275
1.0395
1.09316
1.16408
1.07058
1.042
1.11529
1.19079
1.20925
1.46325
1.36108
1.20812
1.24908
1.15
1.1705
1.24375
1.13729
1.17158
1.24725
1.14254
1.18879
1.32012
1.2205
1.15095
1.04675
1.13775
1.15929
1.15125
1.08866
1.09254
1.14408
1.23941
1.21504
1.13716
1.171
1.23925
1.16854
1.1657
1.22933
1.18754
1.20991
1.28383
1.14279
1.31166
1.28129
1.30791
1.1922
1.05741
1.10079
1.17733
1.11758
1.06125
1.11445
1.17329
1.22145
1.28746
1.42108
1.13983
1.16545
1.22783
1.10833
1.183
1.17083
1.09108
1.16658
1.2187
1.08775
1.17416
1.1805
1.17241
1.17091
1.20229
1.37941
1.16866
1.13683
1.10883
1.13041
1.1867
1.09504
1.10295
1.32295
1.28079
1.19733
1.15775
1.20308
1.22116
1.17629
1.21112
1.26654
1.18116
1.169
1.22033
1.13741
1.14237
1.34012
1.24687
1.15545
1.03812
1.05983
1.11204
1.17625
1.14833
1.06795
1.089
1.15583
1.24229
1.17775
1.12591
1.18291
1.2327
1.12121
1.16766
1.20995
1.0892
1.21737
1.17833
1.12396
1.10204
1.187
1.13045
1.29333
1.3225
1.2907
1.18129
1.06629
1.08712
1.16266
1.24558
1.19704
1.11287
1.17929
1.23304
1.12245
1.19904
1.26129
1.16004
1.27691
1.15562
1.16729
1.22929
1.15141
1.23608
1.3065
1.29204
1.23337
1.09266
1.09662
1.11904
1.19329
1.13629
1.31975
1.38987
1.2315
1.2572
1.12362
1.16721
1.23804
1.1557
1.15625
1.23683
1.15408
1.16212
1.21354
1.1625
1.16208
1.22716
1.22604
1.20916
1.17241
1.35308
1.2085
1.1015
1.04183
1.11108
1.18495
1.28683
1.13495
1.13941
1.22358
1.15287
1.18066
1.24379
1.16545
1.15987
1.23733
1.17187
1.20316
1.2592
1.17637
1.13316
1.23971
1.12196
1.16079
1.23171
1.32262
1.08796
1.0495
1.09175
1.11058
1.22787
1.165
1.196
1.10495
1.21091
1.217
1.12275
1.16941
1.2062
1.13404
1.15675
1.19733
1.09437
1.20995
1.22362
1.11412
1.12033
1.33629
1.23579
1.22779
1.13658
1.07416
1.10108
1.1395
1.20887
1.30416
1.12312
1.17616
1.21583
1.15241
1.17208
1.22166
1.15996
1.17246
1.25133
1.09162
1.2135
1.26258
1.1605
1.16633
1.23458
1.10108
1.28445
1.22633
1.17125
1.11041
1.03704
