1.0387
0.912997
0.872622
1.02604
1.03433
0.975414
0.961039
0.885956
0.898747
0.975872
0.938456
0.775165
1.06045
0.96658
1.01841
0.858081
1.00333
0.949455
0.913039
0.893039
1.0452
0.896205
1.04812
1.0312
0.906497
0.986747
0.908705
1.02904
0.93833
0.857914
0.897248
0.940497
0.994789
0.883206
0.94833
0.958831
0.92383
0.938497
0.897039
0.956206
0.944914
0.847914
0.93033
1.05262
0.846289
0.913289
0.969289
0.842873
0.889664
0.945372
0.893664
0.862456
1.00391
0.856831
1.07487
0.917705
0.912164
0.91783
0.852914
0.83783
1.05245
1.00258
0.900914
0.93008
0.926039
0.838081
0.885789
0.96808
1.01716
0.967581
0.912247
0.817872
1.04908
0.953039
0.948538
1.10791
0.914914
0.893122
0.898331
0.834206
0.879831
0.985247
0.915997
0.867789
1.13025
0.967872
0.882664
0.874331
0.892164
0.985997
0.923789
0.901205
0.890747
1.26941
0.96008
0.980163
0.901956
0.863122
0.949456
1.004
0.924872
0.923997
1.10712
0.824498
1.07212
0.986497
0.826081
0.820039
0.944038
0.92783
0.838081
0.942663
0.893913
0.889997
0.917622
0.89758
0.903539
0.884414
0.859539
0.887872
0.985705
0.911747
1.08125
0.897914
0.924456
1.01704
0.914039
0.863331
0.866997
0.816331
0.875414
0.822789
0.892373
0.97933
0.957164
0.929205
0.856705
1.12191
0.773123
0.933247
0.91633
0.838622
0.946747
0.803873
0.903997
1.10996
1.04733
0.826622
0.803039
1.06387
0.932373
0.856914
0.842415
0.852498
0.934955
0.801081
0.851789
0.886247
0.990289
0.829289
0.795039
0.766872
0.768914
0.969247
0.851497
0.798206
0.964914
0.823539
0.943664
0.819164
0.801914
0.845039
0.861873
0.752664
0.865123
0.93733
0.799956
0.929872
0.855039
0.830914
0.874122
1.01304
0.852706
0.904789
1.041
0.779039
0.813956
0.978414
0.820747
1.00129
0.877789
0.782539
0.794539
0.914663
0.852873
0.840164
0.92583
0.814998
0.832705
0.852955
0.880539
0.858414
0.896414
0.816331
0.774081
0.904956
0.749831
0.758539
0.762497
0.861955
0.749248
0.912663
0.994705
0.837206
0.928664
0.79129
0.892497
0.860206
0.884872
0.774747
0.839914
