27.1509
0.003291
0.003167
0.0025
0.002583
0.002291
0.002458
0.002542
0.002917
0.002583
0.002334
0.0035
0.0025
0.002834
0.002209
0.002708
0.002625
0.002834
0.002667
0.00225
0.002542
0.002333
0.002375
0.002333
0.002708
0.002625
0.002334
0.002542
0.002667
0.002584
0.002959
0.002375
0.003084
0.002417
0.002666
0.00225
0.002541
0.002708
0.002417
0.002541
0.003209
0.002583
0.003084
0.002917
0.003042
0.003083
0.003375
0.002917
0.002833
0.002708
0.002334
0.002541
0.002666
0.002833
0.002375
0.002625
0.002834
0.002375
0.002917
0.002958
0.0025
0.002542
0.00275
0.002834
0.002792
0.002375
0.003083
0.0025
0.002791
0.003
0.002833
0.002792
0.002708
0.002458
0.00225
0.003
0.002917
0.002458
0.002584
0.002583
0.003
0.002667
0.002125
0.002542
0.0025
0.002709
0.002833
0.002709
0.002667
0.002667
0.003292
0.00225
0.002583
0.002625
0.002541
0.002667
0.003459
0.002875
0.0025
0.002334
0.002584
0.002709
0.002375
0.003083
0.0025
0.003209
0.002833
0.002542
0.002583
0.002583
0.002667
0.002459
0.002542
0.002375
0.002875
0.00275
0.002291
0.002167
0.00275
0.002792
0.0025
0.003125
0.002459
0.002458
0.002833
0.002875
0.002708
0.003
0.00275
0.002667
0.002667
0.002417
0.003083
0.003458
0.002666
0.002792
0.002291
0.002625
0.002417
0.0025
0.002583
0.002625
0.002583
0.003459
0.002875
0.00225
0.002667
0.002875
0.0025
0.002625
0.002625
0.002375
0.002459
0.002917
0.00275
0.002542
0.002083
0.003333
0.002833
0.002792
0.002666
0.002667
0.002958
0.002667
0.002708
0.002791
0.002708
0.002167
0.003083
0.002584
0.002875
0.002666
0.002916
0.002666
0.002833
0.002834
0.002375
0.002416
0.00225
0.002875
0.002125
0.0025
0.0025
0.002375
0.002417
0.002708
0.002959
0.002417
0.002167
0.002584
0.003041
0.002709
0.002291
0.002709
0.002834
0.002208
0.002958
0.002792
0.0035
0.002792
0.00325
0.003
0.002917
0.003084
0.002542
0.002667
0.002541
0.002542
0.002125
0.002875
0.002833
0.002458
0.002625
0.00225
0.002167
0.002375
0.002458
0.002334
0.002916
0.002625
0.002917
0.002875
0.002709
0.003042
0.002959
0.002625
0.002459
0.002167
0.002833
0.002792
0.002834
0.002625
0.002583
0.003
0.003208
0.002875
0.002708
0.002625
0.002834
0.002583
0.002875
0.002667
0.002625
0.003083
0.003291
0.002625
0.002708
0.002667
0.003292
0.002584
0.002708
0.003167
0.002917
0.002708
0.002625
0.002666
0.002333
0.003042
0.003
0.002875
0.002875
0.003209
0.002541
0.002292
0.002875
0.002375
0.002625
0.002417
0.0025
0.003459
0.002958
0.002708
0.002792
0.002625
0.002458
0.002792
0.002459
0.002875
0.003417
0.003
0.002833
0.002375
0.002333
0.002666
0.002792
0.002708
0.002458
0.002292
0.0025
0.002833
0.002375
0.002375
0.002625
0.003167
0.003125
0.002834
0.003
0.0025
0.002625
0.002209
0.002792
0.002292
0.002541
0.002625
0.002583
0.002417
0.00275
0.002583
0.002417
0.002458
0.002667
0.002958
0.00275
0.002583
0.003417
0.00275
0.002542
0.002583
0.002416
0.002625
0.002458
0.002166
0.00275
0.002583
0.002333
0.002459
0.002583
0.003125
0.002834
0.002375
0.003459
0.00275
0.002709
0.003042
0.002834
0.002334
0.003
0.002292
0.002792
0.003083
0.002917
0.002333
0.003
0.002292
0.002917
0.003
0.003583
0.002625
0.002875
0.002625
0.003209
0.002374
0.002667
0.002417
0.002458
0.002917
0.002583
0.002792
0.002709
0.002709
0.002584
0.002417
0.002708
0.002959
0.002459
0.00275
0.0025
0.002875
0.0025
0.002583
0.003458
0.002833
0.002125
0.00375
0.002542
0.002875
0.002541
0.002709
0.002834
0.003291
0.002625
0.002542
0.003417
0.002875
0.002541
0.003291
0.002417
0.003292
0.003125
0.002791
0.002542
0.003375
0.002541
0.002292
0.00275
0.002834
0.002625
0.002458
0.002625
0.0025
0.002542
0.003333
0.002709
0.002375
0.002583
0.002667
0.002708
0.002375
0.002625
0.002542
0.002875
0.002583
0.002334
0.003542
0.002666
0.002584
0.003125
0.002959
0.002708
0.002834
0.002959
0.002709
0.003667
0.002375
0.002458
0.002584
0.002708
0.003334
0.003041
0.002625
0.002542
0.003375
0.002625
0.002792
0.002666
0.00325
0.002292
0.003291
0.002167
0.003
0.002459
0.003166
0.002375
0.002292
0.003167
0.002667
0.002916
0.002917
0.002417
0.00275
0.002458
0.002791
0.002584
0.002958
0.00225
0.002792
0.003417
0.0025
0.002542
0.003417
0.002875
0.002333
0.002917
0.002208
0.002583
0.003333
0.002875
0.002916
0.003125
0.002792
0.003334
0.002417
0.001958
0.002875
0.003167
0.0025
0.002583
0.002958
0.002667
0.002917
0.003083
0.003541
0.002667
0.003
0.002375
0.003042
0.002875
0.003208
0.002916
0.002542
0.003292
0.002458
0.0025
0.003125
0.002625
0.002708
0.002375
0.002542
0.002583
0.002708
0.002708
0.003208
0.002875
0.0025
0.002417
0.003291
0.002417
0.002583
0.002667
0.003
0.002667
0.002833
0.00275
0.00275
0.0025
0.002917
0.002625
0.002584
0.003167
0.002917
0.002417
0.002792
0.002958
0.002959
0.002708
0.002458
0.003042
0.003333
0.002875
0.002542
0.002833
0.002416
0.002417
0.002708
0.002334
0.002417
0.003
0.00275
0.0035
0.002291
0.002334
0.002541
0.002958
0.003
0.002417
0.002833
0.003375
0.003041
0.00275
0.003208
0.002584
0.002458
0.002
0.002541
0.002417
0.002542
0.002584
0.002792
0.002667
0.003542
0.002708
0.002667
0.002959
0.002708
0.003042
0.002625
0.002375
0.002917
0.002541
0.002708
0.0025
0.002583
0.00275
0.0025
0.00275
0.002875
0.002375
0.002583
0.002709
0.002833
0.003125
0.00275
0.003
0.002416
0.003333
0.002792
0.002334
0.00275
0.003125
0.002417
0.002667
0.003
0.003208
0.002208
0.002916
0.002584
0.003208
0.002667
0.002542
0.002458
0.00275
0.00275
0.003584
0.002416
0.00275
0.002791
0.002291
0.002625
0.002667
0.002791
0.002542
0.003125
0.0025
0.002458
0.002625
0.002625
0.0025
0.002625
0.002708
0.002708
0.002792
0.002542
0.003125
0.002959
0.002917
0.002625
0.003
0.002833
0.002459
0.003459
0.002791
0.002667
0.002375
0.002458
0.00275
0.002667
0.003709
0.002875
0.002375
0.002833
0.002583
0.002417
0.003042
0.003208
0.002958
0.002084
0.002541
0.002917
0.003
0.002333
0.002834
0.002709
0.0025
0.003333
0.002667
0.002417
0.002583
0.002542
0.002625
0.003625
0.00225
0.002667
0.002792
0.0025
0.002708
0.00325
0.00275
0.003084
0.00275
0.00225
0.002667
0.00275
0.002417
0.0025
0.002584
0.002292
0.003
0.002667
0.002541
0.002916
0.002959
0.002541
0.002333
0.002375
0.003416
0.002625
0.002875
0.002416
0.002375
0.002833
0.003
0.002584
0.00275
0.002708
0.003167
0.002667
0.002708
0.00325
0.002958
0.002833
0.002709
0.00275
0.003
0.003292
0.002917
0.002542
0.002625
0.002209
0.002625
0.002792
0.003292
0.002625
0.007833
0.00275
0.002917
0.002459
0.002708
0.002417
0.00275
0.002667
0.00275
0.003292
0.0025
0.002666
0.002708
0.002583
0.002542
0.002667
0.002334
0.002417
0.003125
0.0025
0.002708
0.003
0.002292
0.0025
0.002417
0.0025
0.00275
0.002
0.002542
0.003125
0.003333
0.002583
0.002792
0.002625
0.002625
0.003
0.002541
0.0025
0.002333
0.003542
0.002542
0.002708
0.003042
0.0025
0.002667
0.003167
0.00275
0.00325
0.003
0.002333
0.003
0.0025
0.002833
0.002625
0.002667
0.002709
0.00275
0.002333
0.003458
0.00275
0.002584
0.002625
0.002625
0.002459
0.002458
0.002375
0.002333
0.003084
0.002583
0.002334
0.00275
0.002541
0.00275
0.002666
0.003291
0.002541
0.002416
0.002541
0.003042
0.002667
0.002667
0.0025
0.002541
0.002625
0.002917
0.003458
0.003125
0.0025
0.002333
0.002792
0.002708
0.002875
0.002542
0.002958
0.002625
0.002792
0.002333
0.002375
0.002625
0.002292
0.003625
0.00225
0.002292
0.002625
0.002791
0.00275
0.002083
0.002959
0.00275
0.003166
0.002834
0.002625
0.00275
0.0025
0.002667
0.00275
0.0025
0.002416
0.003291
0.002625
0.0025
0.002792
0.002375
0.002584
0.002375
0.002875
0.002291
0.003167
0.002375
0.002708
0.002584
0.002917
0.0025
0.002292
0.0025
0.002667
0.002541
0.003041
0.0025
0.002833
0.00275
0.00225
0.003084
0.002292
0.002292
0.002583
0.002458
0.002708
0.002666
0.00225
0.002917
0.002458
0.003167
0.002959
0.002542
0.002917
0.003042
0.002667
0.003375
0.002666
0.002917
0.002666
0.002541
0.002458
0.002792
0.003208
0.002458
0.003084
0.003
0.00275
0.002458
0.002458
0.002833
0.002459
0.002667
0.002292
0.002625
0.002667
0.002291
0.002875
0.002334
0.002666
0.002666
0.003875
0.002291
0.002625
0.003375
0.003041
0.002708
0.002709
0.003292
0.002542
0.00275
0.002542
0.002292
0.002625
0.002541
0.00325
0.002375
0.003083
0.00225
0.002125
0.002916
0.003542
0.002459
0.003209
0.002666
0.002208
0.002792
0.00325
0.002667
0.003583
0.00325
0.002667
0.002375
0.00275
0.002625
0.002708
0.002458
0.002375
0.002542
0.002458
0.0025
0.003208
0.002958
0.00325
0.0025
0.002458
0.0025
0.002417
0.002709
0.003167
0.002541
0.002542
0.002375
0.002125
0.003417
0.002542
0.00275
0.002334
0.0025
0.002833
0.002042
0.002834
0.003167
0.002375
0.002916
0.002583
0.002792
0.002584
0.002791
0.002333
0.003416
0.003167
0.002583
0.0025
0.002417
0.002416
0.002333
0.002708
0.003042
0.002792
0.003458
0.002417
0.002458
0.002624
0.003
0.002416
0.002459
0.002958
0.002084
0.002917
0.002917
0.002667
0.002875
0.002541
0.002167
0.002959
0.002416
0.002875
0.003083
0.003125
0.002459
0.002958
0.0025
0.00275
0.002458
0.0025
0.003083
0.002458
0.003
0.002917
0.002875
0.003
0.002792
0.003041
0.002458
0.002833
0.002458
0.00275
0.002959
0.002833
0.002708
0.002167
0.002625
0.002625
0.002666
0.002625
0.002291
0.002958
0.003375
0.002708
0.002583
0.002209
0.00275
0.0025
0.002709
0.002625
0.002375
0.002709
0.002542
0.002667
0.003166
0.002541
0.002375
0.002542
0.003208
0.002791
0.003292
0.00375
0.002834
0.002792
0.00225
0.002458
0.002958
0.003041
0.002667
0.002917
0.002583
0.002375
0.002667
0.002791
0.002542
0.002583
0.003083
0.002792
0.00225
0.002875
0.002667
0.002459
0.002458
0.002625
0.002583
0.002709
0.00325
0.002667
0.002625
0.002625
0.002542
0.002542
0.002916
0.002917
0.002833
0.002791
0.002417
0.002375
0.002542
0.002875
0.002709
0.002875
0.002834
0.002416
0.002583
0.002292
0.002708
0.002792
0.003083
0.00275
0.002583
0.002959
0.002417
0.002791
0.002708
0.002291
0.0025
0.002417
0.002708
0.002542
0.002375
0.003083
0.00275
0.002666
0.002292
0.002417
0.002708
0.003333
0.002916
0.00275
0.002958
0.002542
0.002834
0.002791
0.002791
0.002458
0.003
0.003041
0.00275
0.003
0.002834
0.002875
0.002583
0.003041
0.002334
0.002666
0.002583
0.00275
0.003167
0.002708
0.002375
0.002667
0.002833
0.002625
0.003
0.004334
0.002833
0.002625
0.002708
0.002792
0.00275
0.002708
0.002666
0.002917
0.002417
0.003125
0.003292
0.002834
0.002833
0.002375
0.002625
0.003084
0.002541
0.002459
0.003249
0.002208
0.00275
0.002792
0.003417
0.002625
0.002917
0.0025
0.002541
0.002625
0.002458
0.002209
0.002583
0.002584
0.002417
0.002458
0.002625
0.003
0.003
0.002875
0.002959
0.002542
0.002667
0.002958
0.003041
0.002792
0.00275
0.002334
0.002542
0.002625
0.002417
0.00325
0.002875
0.002916
0.002875
0.002958
0.002625
0.002625
0.002958
0.002334
0.003
0.002583
0.002542
0.00275
0.003125
0.002833
0.00275
0.002958
0.002333
0.002792
0.003084
0.002125
0.002791
0.003125
0.002375
0.002959
0.002791
0.00275
0.003333
0.002959
0.003167
0.002625
0.002959
0.002125
0.003083
0.002708
0.002709
0.003625
0.002917
0.003583
0.003292
0.0025
0.00275
0.002625
0.002541
0.002792
0.002625
0.003083
0.003375
0.002167
0.00275
0.002834
0.003
0.003458
0.002583
0.002625
0.002791
0.003208
0.002833
0.002375
0.002167
0.002625
0.002666
0.002292
0.003084
0.003
0.003
0.003083
0.002791
0.003041
0.002458
0.002584
0.002208
0.003
0.002583
0.002459
0.002583
0.003
0.003125
0.002792
0.002666
0.002667
0.003292
0.002625
0.003042
0.002458
0.002874
0.002583
0.002875
0.002875
0.00275
0.002667
0.003584
0.00325
0.002625
0.003291
0.002667
0.002625
0.002708
0.002667
0.00275
0.002709
0.002459
0.002792
0.0025
0.003
0.002458
0.002625
0.002792
0.002459
0.00275
0.002292
0.0025
0.002459
0.003083
0.002583
0.002792
0.003
0.003208
0.002875
0.002334
0.003083
0.002583
0.002583
0.002375
0.002125
0.002958
0.002292
0.0025
0.002834
0.002709
0.002875
0.00275
0.002708
0.0025
0.0025
0.002458
0.002667
0.002792
0.002625
0.003417
0.002041
0.002584
0.003083
0.003166
0.002291
0.002542
0.002375
0.002375
0.002917
0.0025
0.002458
0.002791
0.002459
0.002417
0.002375
0.002583
0.002958
0.002375
0.0025
0.003166
0.002542
0.002625
0.002541
0.002541
0.002541
0.002458
0.003333
0.002125
0.003333
0.003
0.002667
0.002417
0.002417
0.002875
0.002791
0.002916
0.003125
0.002667
0.002625
0.0025
0.003084
0.002791
0.00225
0.002583
0.002833
0.002292
0.002875
0.002709
0.002833
0.003083
0.0025
0.002625
0.002917
0.002667
0.002666
0.003417
0.002583
0.002167
0.002667
0.0025
0.003
0.002625
0.002875
0.004042
0.002458
0.003
0.002666
0.002625
0.002834
0.00225
0.002791
0.002625
0.003125
0.002709
0.002917
0.002208
0.00225
0.002584
0.002458
0.00325
0.002625
0.003
0.002708
0.003041
0.002417
0.002708
0.003083
0.002416
0.003167
0.002375
0.002375
0.002584
0.002916
0.002292
0.003
0.002584
0.002291
0.00225
0.002416
0.002625
0.002417
0.003083
0.002208
0.002625
0.002666
0.002666
0.002958
0.003042
0.00225
0.002542
0.002875
0.003042
0.002583
0.002292
0.003417
0.003458
0.002958
0.002666
0.002541
0.002458
0.002875
0.003042
0.00275
0.0025
0.002583
0.002334
0.003083
0.002667
0.00325
0.002584
0.003
0.002417
0.002833
0.002791
0.003
0.002667
0.00275
0.002417
0.002708
0.002666
0.002542
0.002375
0.0025
0.002292
0.002666
0.003291
0.002708
0.00275
0.002208
0.002916
0.002834
0.002958
0.00225
0.002541
0.002834
0.002917
0.002833
0.002875
0.00275
0.002166
0.002667
0.002375
0.002249
0.003208
0.002375
0.00225
0.002417
0.002583
0.0025
0.0025
0.0025
0.002041
0.002459
0.002958
0.003042
0.002583
0.003541
0.002542
0.002375
0.002958
0.002792
0.002875
0.002875
0.002167
0.002458
0.002584
0.003375
0.0025
0.002833
0.002833
0.003958
0.003042
0.00275
0.003125
0.002333
0.002541
0.002459
0.002625
0.00275
0.003625
0.002583
0.002291
0.003208
0.003
0.002916
