30.8856
11.8399
16.7629
21.6613
10.9559
10.5777
11.2002
13.4457
22.9975
10.5825
10.3366
10.343
16.4208
23.7218
13.0541
13.1011
12.1345
11.6974
14.1154
17.2875
16.7939
11.4898
10.9956
10.889
11.3367
14.5097
21.3434
11.2458
11.1585
10.7903
11.7443
10.0688
11.5191
13.66
17.005
15.8265
13.7929
9.84143
12.163
14.3835
17.7569
15.051
9.88839
12.1829
13.199
11.9667
15.7525
19.8781
10.0845
9.85035
10.0938
12.476
12.3681
17.4513
17.2504
10.0758
9.85793
10.1044
11.0342
11.2218
14.0203
19.6401
12.7059
10.799
10.0608
10.2747
11.1019
10.0273
14.3093
18.2804
14.5756
10.7682
10.5439
9.44276
12.7846
10.7328
12.7585
13.9325
17.7957
14.2642
10.5323
10.0493
10.1978
11.8607
11.5082
11.673
16.4001
17.3007
9.91947
10.1621
10.0872
12.3421
11.2894
13.4159
12.4515
14.2804
19.0944
11.852
9.37739
9.67393
9.60826
14.2097
10.5596
14.2142
19.3049
14.183
10.5541
9.64347
10.2616
10.4391
10.3798
13.0688
17.0909
18.1668
9.27785
9.3406
10.1083
10.0297
12.2446
9.54081
11.2701
12.4506
14.855
20.8753
9.58884
9.56818
11.9269
10.725
11.615
12.2542
15.8135
18.7806
9.73993
10.0449
10.8301
10.0687
14.2564
14.892
19.9461
10.0087
9.4531
10.0558
11.4905
11.1628
13.6692
20.32
11.2712
9.78297
9.67489
9.67197
13.0413
11.2354
11.3533
12.0395
13.8252
19.4029
10.1541
9.81455
9.63389
11.0625
14.3052
9.81418
11.4411
13.3718
18.6682
14.3151
9.78918
9.27164
9.61285
12.1661
9.6801
9.29264
11.4747
11.311
14.4828
17.3269
13.4102
9.33651
9.1173
11.0718
11.6348
15.2332
18.6442
11.8201
8.87047
9.13039
12.2259
11.8896
10.8129
11.6264
13.0995
16.3833
14.2356
9.57201
9.45976
10.7934
13.9137
10.1122
10.3813
11.0183
12.6011
15.4315
15.8424
9.07618
9.29272
8.84231
9.8653
10.9222
13.113
9.4578
9.26839
10.684
12.3431
14.8809
17.4203
9.13197
9.02297
13.427
11.1015
10.2355
11.5535
13.8482
15.6168
13.731
9.12055
9.32393
9.3611
10.2643
13.8044
10.5454
11.2477
13.104
17.2861
13.755
9.73147
9.25451
9.53935
12.7613
10.5992
10.601
14.5607
16.8445
14.3938
9.54572
8.81285
9.01247
13.4407
10.5766
10.0625
10.6473
12.2083
15.3018
16.3235
9.11272
9.40193
11.0015
13.3874
9.11764
9.40114
10.7053
11.2515
12.4139
13.8233
16.4605
10.3278
9.57255
9.3431
9.87309
12.3994
13.4805
9.90468
10.0197
11.8074
14.6145
18.4621
9.29914
8.87968
9.3296
9.32439
10.7875
13.3114
10.3611
9.73793
10.6089
11.674
12.3529
16.3043
14.9019
9.10685
9.80043
10.5841
13.0705
9.65347
9.98101
13.5322
14.0186
16.7881
9.61435
9.60334
10.6359
11.7495
13.3242
9.6463
10.0326
10.1586
11.68
13.0848
17.1936
13.9543
9.21489
9.28993
9.67214
11.4921
13.3583
9.92418
11.5525
12.8289
15.2381
15.8156
9.60018
9.09931
8.87164
10.8641
13.0623
10.6536
9.54239
10.2194
10.1825
11.262
12.6426
17.9267
12.9819
8.29985
9.3768
10.4743
12.6068
9.29689
10.0436
10.7781
13.217
16.4743
13.2115
9.58468
9.0786
9.11905
10.0118
8.83189
10.7845
12.5962
12.0479
12.73
18.1351
12.4637
16.3205
11.12
9.3431
9.13376
10.11
10.5688
12.9065
14.455
16.9664
9.40947
9.77751
9.34181
9.44339
10.7276
12.1372
13.938
9.77476
10.7556
10.4951
12.8207
16.3726
16.2512
9.31951
9.09889
8.83851
9.3056
10.9807
10.7307
9.68993
11.6535
14.0968
16.5634
13.3803
9.12993
9.26514
9.44076
8.88993
12.7785
10.9524
10.3901
10.288
10.3443
11.8005
17.3514
17.0188
9.06206
9.04935
12.4716
12.0104
9.83101
11.315
12.4307
15.0321
16.5177
9.3086
9.51043
9.4473
10.0124
12.3605
10.0755
10.8944
10.6232
11.5803
14.7972
17.3448
8.77768
10.6166
10.803
11.084
12.2077
9.12089
9.78739
12.7532
17.0778
15.0812
8.78443
9.12476
11.5101
12.7103
9.06043
10.574
11.4214
14.3961
16.7022
9.70876
9.44255
9.24656
9.81276
9.38214
13.735
10.9266
10.6501
11.0068
13.2033
16.0626
15.8849
9.26485
9.34376
9.11089
11.298
13.1017
12.2223
10.3261
12.1573
12.3243
14.9001
16.4097
9.19547
10.1888
9.25526
10.1452
13.7539
11.5977
9.3423
12.3405
13.1271
15.9835
14.7916
9.23576
9.03639
9.4393
9.33735
9.24756
9.45214
13.4272
10.5613
9.77905
10.4779
11.7134
13.2019
16.8943
14.0412
9.28843
9.36543
9.71618
13.8908
11.2207
11.0535
10.3375
12.5498
17.1382
16.4691
9.54751
9.23972
9.10697
13.6074
9.53914
9.09581
9.31705
10.7791
12.162
16.1693
13.7713
9.39835
9.45051
9.48535
10.4562
12.414
12.7745
9.20793
9.04614
9.5761
11.6205
12.6518
15.5993
17.4763
9.37106
9.34585
12.3792
12.8554
9.27489
9.36401
12.3153
12.8993
18.1635
12.0975
9.23231
9.25897
11.8223
14.0952
10.2557
9.49997
12.0971
13.2036
16.07
14.9739
9.48326
9.08772
9.10093
10.0003
13.0875
9.05047
9.88518
9.79101
10.8063
14.4647
18.0418
10.6393
9.51556
9.48139
9.58801
9.3846
11.7791
12.5129
9.08006
9.80672
10.3131
11.1086
14.4431
16.8295
9.84618
9.84964
9.25885
9.05247
9.3028
9.47464
9.05789
9.07822
10.8551
11.9868
13.0558
13.1554
10.6002
9.32555
8.8341
9.3196
10.2888
10.63
11.5086
15.2967
15.2027
9.51935
10.0649
9.42347
9.4416
9.60068
8.79447
9.03018
9.63397
9.59322
9.17605
13.942
9.7096
10.2245
10.0545
11.0765
11.913
14.1198
16.0687
12.0452
9.01781
10.0773
9.53785
9.25664
9.53885
9.81989
9.32393
10.4038
12.6495
14.9963
14.5808
16.596
9.76026
10.1207
9.92201
12.8558
11.4703
10.2896
11.3875
12.7784
17.7162
13.9092
9.15664
9.36985
10.8834
12.7385
11.1704
11.9005
13.17
16.8619
11.0745
9.11968
10.7607
9.96297
13.2036
13.0718
8.99076
9.27422
9.4976
11.0645
10.7842
12.711
16.4614
15.9615
9.56222
9.36501
9.33968
9.15597
8.05927
10.8177
12.6686
9.52964
10.5106
11.0638
11.8457
12.6431
16.6625
13.93
9.63114
8.82285
9.34968
12.0565
12.8071
10.7376
9.96859
11.3994
11.3185
12.975
14.7848
14.0141
10.2313
9.20951
9.39076
10.72
10.8427
12.3255
12.3551
9.5246
9.0788
9.23568
11.318
11.4178
13.8887
17.5627
9.33618
9.10214
9.29264
9.26726
9.71097
11.4053
10.6015
10.0203
11.4326
13.5445
16.9017
14.5396
9.18668
8.80972
9.72168
11.1028
11.0016
10.9061
12.5133
14.5247
16.2452
9.59505
9.53055
14.9657
10.7963
9.56468
12.1299
14.8617
17.7643
9.33005
9.53189
10.5461
13.0913
9.37785
9.66201
10.3399
11.0504
13.036
14.0303
19.3262
9.10143
9.06514
9.49372
11.3088
10.9426
14.341
16.8729
15.5949
9.03368
8.92493
9.28876
13.3121
10.5193
12.0939
12.4693
18.0255
13.5374
9.50576
8.84347
11.1563
12.7018
9.52789
11.4159
11.6994
16.0102
15.6468
9.32993
9.12139
10.7152
12.2197
9.46422
10.2383
11.8217
13.5112
16.6694
13.0358
9.79855
8.99343
9.35901
9.11264
9.62414
9.32164
11.013
12.5159
11.5255
8.01368
9.24376
9.72789
10.3035
12.563
16.1311
16.7289
8.81464
9.08514
13.1942
11.4376
9.05197
10.6117
10.6041
11.2782
13.9185
19.9261
10.0855
8.77864
9.5456
9.3321
9.59805
11.3933
10.3962
8.82897
10.8235
10.9383
11.6616
13.6505
15.8935
10.6077
10.4395
9.87697
9.02597
9.80997
9.62185
13.2853
8.84981
10.1743
10.8438
12.3288
14.5414
15.2876
10.1491
10.1567
9.57359
11.7777
10.6193
10.9117
13.3449
14.3027
15.739
9.91734
10.1651
12.7121
12.9731
11.1074
10.7846
10.0884
12.4723
15.6725
17.0076
9.10035
9.03289
10.709
12.8598
10.007
10.7625
12.2261
16.5245
15.8467
8.87864
9.50422
9.04868
9.5346
9.95668
10.9003
11.0994
10.543
11.6879
11.9148
16.6509
14.1557
9.60039
9.5793
10.9603
13.9493
9.4083
9.90393
10.3744
10.7423
11.5337
12.6365
15.7405
13.7121
9.25235
9.7241
9.23064
12.7701
13.0078
10.7672
9.83747
9.31281
10.5195
11.2982
12.394
17.4756
13.6159
9.34839
9.14343
9.0891
9.4541
9.11722
9.49597
10.7646
12.3668
10.6352
10.062
9.75814
13.2354
15.5728
16.9127
9.62243
9.47772
9.07672
9.4186
13.0635
10.7771
10.5197
11.0075
12.4495
15.5397
15.5476
9.49914
9.37531
9.58722
12.8068
8.91697
9.30368
10.2536
10.8708
11.7731
14.5577
17.2237
9.31943
8.02277
9.58947
9.31168
9.98501
10.8201
13.9005
9.39364
9.05097
9.40176
10.5473
13.0998
19.4367
13.1013
9.42651
9.26589
9.27576
9.46918
9.52189
9.85989
13.2346
9.10626
9.32151
9.73276
10.6956
12.7971
17.4695
13.6216
9.54243
9.33918
9.68293
10.0388
9.30301
9.30801
9.87493
11.2515
13.2637
14.832
15.5501
9.5543
9.24922
9.56818
10.7592
11.2427
9.9248
10.929
13.1628
15.0463
17.2982
9.10001
9.49943
9.10068
13.1798
10.3581
10.988
12.5068
14.3136
16.7883
9.0136
10.1399
12.315
12.1749
10.2971
13.1876
16.3571
15.5208
9.0931
9.61768
10.3713
11.4534
10.7465
13.9106
14.4576
15.6901
9.64726
9.43143
10.7874
12.9521
11.1166
9.32089
10.7419
11.1323
12.6814
15.2871
14.3978
9.76897
9.32314
12.2313
12.2477
9.47051
10.4613
11.3459
11.7961
13.9537
17.6866
9.19543
10.002
9.65972
9.43435
11.5896
12.2509
9.75764
11.4486
13.2362
16.7007
15.146
9.74989
9.76426
9.1666
10.7571
12.5343
11.2589
11.3
11.9658
13.5675
16.1964
14.2512
8.92551
9.10155
9.34126
9.38968
11.0535
11.6879
11.6207
11.8576
16.2689
16.4402
9.37535
9.58668
8.87302
10.9838
11.8605
9.81959
10.1675
11.4195
11.6195
13.8027
16.0556
13.1738
9.03901
9.38372
9.02347
9.30614
12.0781
12.1269
12.8584
12.5413
9.10201
12.2088
15.511
16.5618
9.16356
9.73593
7.99635
9.31922
9.51651
10.4886
11.5598
9.64735
11.0183
11.1367
13.2918
16.8008
15.7629
9.60143
9.44518
9.06718
9.07393
13.7361
9.64243
9.75851
11.55
13.1934
16.6657
13.4795
8.87377
9.71093
9.59276
9.98493
9.53022
10.6928
12.3383
10.4972
10.4483
10.4296
11.8333
14.2684
17.419
9.23976
9.23293
10.2635
9.88085
11.008
10.8299
9.67264
10.903
12.6322
17.0116
13.4693
9.5281
9.52001
8.97127
9.54843
9.24726
12.36
10.1208
10.2991
12.3721
15.11
18.7403
9.36839
9.31976
9.36576
12.8705
9.31551
10.2185
9.24393
9.34226
9.08168
10.1047
11.1173
12.6064
15.6595
14.9717
9.3091
9.2783
10.4482
9.37764
9.12706
11.2702
13.2617
10.9642
11.7234
11.4725
14.878
19.8591
9.31051
9.38472
9.3416
9.05139
9.75047
10.2693
11.5918
12.8345
17.8298
13.7812
9.13364
9.60772
9.50893
9.54626
9.33835
10.6612
9.29697
9.30706
9.86214
10.0412
10.8349
11.4698
12.3795
15.6047
14.3442
9.5093
9.41947
10.3999
13.2427
10.7486
9.85293
11.2418
11.0406
13.6762
17.7694
11.4927
9.16226
9.54764
10.1337
13.1533
11.928
12.1099
15.6655
15.1438
9.11785
9.39289
9.74505
14.7426
9.40726
10.3632
10.4293
10.8136
12.8466
14.2812
15.8208
9.49951
8.88072
9.47026
12.1418
12.6983
11.0123
9.42181
8.09227
9.0706
9.31901
9.21839
9.82889
10.7803
11.0994
14.4046
16.8702
9.81659
9.29306
9.10393
8.80893
9.34714
10.24
13.9262
9.36726
9.41014
9.59843
9.60747
11.2952
12.5178
16.7658
13.2256
9.2726
8.93456
9.61318
9.54347
9.39176
13.1892
9.59268
9.8161
11.5193
16.2971
16.3552
9.8418
8.82747
9.33885
9.83126
10.9853
9.7613
9.52001
11.0516
12.9692
15.756
16.868
8.99368
9.42576
9.5251
9.29985
9.2668
12.3952
9.5191
9.07126
10.0176
11.5153
14.818
17.3114
10.4709
9.34251
9.32797
9.10164
9.45505
10.8168
12.5509
10.7138
10.8315
14.8638
18.3418
9.36726
9.58914
8.1696
9.47085
9.09747
10.9322
11.1123
9.52493
9.4198
13.2415
13.7834
16.6464
10.8657
9.10897
9.5793
9.39001
9.11418
9.07031
10.82
10.5058
11.8853
9.5628
9.84976
10.9341
11.2273
16.2829
16.9561
9.81889
9.2601
9.19055
8.94997
9.42314
12.6558
9.35318
9.1046
11.2311
14.7517
19.0485
9.61005
8.89389
9.45801
9.5298
8.92972
9.24855
9.73122
12.7258
9.34422
10.0368
12.272
15.5019
17.0688
8.85701
9.29556
9.52784
11.5973
9.21985
9.33547
9.65089
11.1061
13.0486
15.3289
14.2651
9.33922
9.32247
9.60451
9.3293
9.20589
10.2033
10.0368
13.9296
11.6173
8.89706
8.84685
9.0611
9.67305
11.2521
10.8243
13.6789
15.814
13.7176
9.79234
8.7866
9.03976
9.05851
13.1712
10.1706
9.49497
9.76372
10.512
10.5852
11.59
13.789
13.864
18.1377
9.12093
9.27814
9.58339
9.35451
9.77255
13.0085
10.5191
9.19505
10.0547
10.7276
10.8657
13.0805
14.8692
13.354
10.5449
9.82055
9.49797
9.27547
9.33255
9.51943
10.4221
12.5038
10.4603
9.61755
9.37093
9.60689
9.90101
10.2427
10.603
10.6686
13.688
17.3378
13.5221
9.30335
9.32335
9.39514
10.7915
10.4019
9.01568
12.4037
15.0528
17.6658
9.36331
8.80197
8.9361
9.4828
9.44814
11.3077
12.0626
9.59976
9.63839
9.13401
9.91405
11.2652
11.9404
13.2492
16.061
12.8547
9.25901
9.27647
8.97526
9.08143
9.81214
9.25114
12.2268
9.5578
9.53876
10.6476
12.5008
15.8766
16.407
9.20318
9.55947
8.88131
9.30776
10.6361
11.6468
9.07693
8.88851
10.2694
11.0007
13.7835
18.7851
10.4096
9.60414
9.32156
9.33547
9.27451
9.61664
9.57897
9.03181
9.02431
11.826
11.6705
9.37097
9.97976
12.1582
15.8209
15.281
9.29822
9.16618
9.85501
11.2474
10.4866
9.15831
10.75
12.0941
12.4141
14.6215
15.3093
9.22647
9.52364
9.38785
9.60826
11.6473
12.3351
12.1225
9.95364
10.0849
10.2192
10.4704
10.9367
13.5197
15.7413
14.7916
9.06201
9.31755
9.26964
9.50793
12.6592
10.4692
9.54922
9.73268
10.5371
11.3632
14.619
14.4507
12.95
9.1231
9.51272
9.40551
9.05676
9.29189
10.4217
10.9159
12.3098
9.54139
10.4962
14.0975
20.1564
9.90101
1.19425
0.205541
