3.82178
1.30016
1.113
1.16254
1.25679
1.24141
1.12295
1.10537
1.17312
1.10758
1.2275
1.36833
1.13608
1.16725
1.26058
1.14996
1.1702
1.24971
1.14237
1.22745
1.221
1.05491
1.21383
1.14308
1.19375
1.30141
1.141
1.31233
1.10858
1.07854
1.16304
1.26354
1.32666
1.05021
1.16912
1.09146
1.11904
1.13462
1.15266
1.16716
1.17641
1.2165
1.22508
1.17508
1.13604
1.34445
1.05466
1.21433
1.15437
1.17712
1.26383
1.13766
1.13237
1.27758
1.15404
1.27945
1.14916
1.25187
1.17141
1.27087
1.07983
1.1742
1.14933
1.21475
1.21679
1.09987
1.19545
1.17616
1.34691
1.24262
1.18112
1.4567
1.15941
1.15729
1.185
1.17262
1.20383
1.16337
1.1802
1.14562
1.18862
1.28312
1.11583
1.24333
1.18196
1.09996
1.2975
1.2197
1.36966
1.19087
1.17095
1.23225
1.20545
1.24716
1.14045
1.26883
1.3477
1.1695
1.25862
1.08833
1.2007
1.21754
1.12683
1.20879
1.15704
1.36679
1.21112
1.12941
1.20525
1.17216
1.31708
1.11279
1.1237
1.09071
1.20166
1.13729
1.04708
1.30858
1.16725
1.19541
1.06516
1.13166
1.35254
1.11196
1.28429
1.04104
1.23187
1.27316
1.0412
1.2097
1.23316
1.13137
1.18125
1.17025
1.10375
1.28275
1.14004
1.11133
1.10037
1.1215
1.22829
1.1967
1.07612
1.27979
1.1592
1.04254
1.23316
1.18079
1.20116
1.2372
1.16587
1.1895
1.20166
1.22275
1.11045
1.16066
1.13987
1.18379
1.23516
1.37395
1.2212
1.13783
1.14779
1.10137
1.15987
1.1265
1.12937
1.17508
1.176
1.32325
1.17396
1.26829
1.12166
1.10866
1.14962
1.13654
1.23629
1.15887
1.15791
1.16304
1.22379
1.11087
1.20295
1.11012
1.14408
1.18412
1.17095
1.11083
1.172
1.32104
1.25771
1.09625
1.20041
1.15495
1.18846
1.08875
1.2515
1.14416
1.26971
1.13508
1.2397
1.29691
1.16246
1.22883
1.097
1.15854
1.14025
1.29362
1.23975
1.15541
1.25416
1.08916
1.1817
1.14883
1.12629
1.20679
1.23841
1.03562
1.13045
1.11566
1.09845
1.1697
1.36762
1.12483
1.18962
1.17966
1.1627
1.26862
1.09762
1.109
1.15758
1.19187
1.17983
1.23241
1.20895
1.53125
1.17079
1.1602
1.20795
1.17012
1.16541
1.11291
1.10066
1.23058
1.19383
1.1542
1.20841
1.0972
1.16037
1.10112
1.33604
1.18641
1.14375
1.21046
1.27179
1.22916
1.09587
1.21145
1.16345
1.18554
1.13746
1.16262
1.23212
1.23045
1.10558
1.18504
1.2335
1.22837
1.26571
1.20229
1.23829
1.40704
1.25791
1.1765
1.3087
1.21029
1.22
1.21608
1.1637
1.18487
1.12645
1.24341
1.22325
1.20396
1.1782
1.213
1.20666
1.34612
1.18662
1.09704
1.07016
1.20604
1.26504
1.19166
1.15154
1.10979
1.122
1.13645
1.10858
1.113
1.1627
1.15183
1.23295
1.09462
1.20012
1.32804
1.129
1.16375
1.16921
1.15108
1.18625
1.24625
1.1575
1.13116
1.37175
1.14975
1.1605
1.27808
1.16925
1.16975
1.13837
1.08591
1.15596
1.26066
1.1882
1.09579
1.08891
1.13654
1.15808
1.15004
1.14537
1.22287
1.23025
1.31174
1.12691
1.28171
1.5012
1.15554
1.28187
1.19425
1.10387
1.21766
1.34125
1.16933
1.2162
1.42937
1.11495
1.21275
1.17054
1.16983
1.15695
1.14875
1.14583
1.2252
1.2467
1.09537
1.148
1.34224
1.16733
1.18666
1.20737
1.08633
1.15104
1.19558
1.15437
1.15716
1.12629
1.30658
1.09454
1.18683
1.28916
1.1595
1.16283
1.3277
1.07937
1.15941
1.2367
1.14762
1.08679
1.186
1.18875
1.17508
1.25379
1.21154
1.17475
1.25341
1.264
1.23091
1.21921
1.20954
1.16279
1.14075
1.28946
1.14071
1.21866
1.20183
1.16412
1.1502
1.09712
1.17762
1.22612
1.38991
1.22758
1.18937
1.3335
1.17229
1.16779
1.20321
1.18891
1.16087
1.34595
1.10087
1.20945
1.18325
1.2615
1.13746
1.20612
1.157
1.16283
1.30941
1.20433
1.0857
1.21854
1.18154
1.1602
1.23141
1.12904
1.16491
1.1285
1.25171
1.17187
1.20275
1.16179
1.12412
1.21808
1.38208
1.15921
1.21683
1.07562
1.09933
1.12087
1.47162
1.14271
1.20612
1.23487
1.1677
1.23562
1.21321
1.16116
1.23308
1.13962
1.15012
1.08787
1.1935
1.16646
1.11662
1.20366
1.18466
1.22616
1.13229
1.21687
1.22691
1.14304
1.13479
1.18841
1.27566
1.22458
1.23341
1.185
1.14516
1.14141
1.18937
1.14391
1.21912
1.18525
1.21633
1.13991
1.22537
1.10196
1.19675
1.15279
1.17304
1.16208
1.22308
1.20679
1.18987
1.2287
1.3775
1.17383
1.14975
1.165
1.21462
1.087
1.16004
1.11812
1.13687
1.15816
1.16908
1.173
1.36712
1.21991
1.13041
1.12258
1.07379
1.06858
1.27125
1.10075
1.18583
1.17771
1.2525
1.17158
1.189
1.35437
1.11
1.07987
1.33779
1.10196
1.103
1.42645
1.12683
1.0877
1.22837
1.13404
1.04879
1.23754
1.05112
1.127
1.36691
1.17004
1.09554
1.35958
1.20037
1.11433
1.19166
1.19046
1.17608
1.44083
1.08183
1.06612
1.10212
1.11491
1.18554
1.33091
1.11504
1.18254
1.11304
1.35395
1.17825
1.129
1.275
1.08383
1.37966
1.15721
1.13787
1.13537
1.4582
1.04566
1.19266
1.30829
1.2005
1.03775
1.12929
1.18808
1.08041
1.32137
1.11395
1.11537
1.06966
1.26
1.09621
1.09871
1.18237
1.24133
1.14233
1.1165
1.19462
1.17404
1.15758
1.13104
1.23379
1.16062
1.10766
1.33625
1.12554
1.29316
1.15508
1.18783
1.13375
1.24854
1.14358
1.10546
1.13679
1.22516
1.05629
1.10529
1.30004
1.2015
1.12466
1.12958
1.34675
1.03433
1.12312
1.17491
1.1057
1.17125
1.27783
1.03591
1.1305
1.11504
1.36079
1.05591
1.15041
1.15029
1.10854
1.121
1.15087
1.131
1.04483
1.27462
1.04808
1.1115
1.23612
1.12091
1.05458
1.04829
1.12725
1.46433
1.17825
1.13554
1.24575
1.30033
1.15608
1.20721
1.03754
1.11729
1.16095
1.18408
1.22254
1.17196
1.19808
1.07908
1.11441
1.36704
1.20633
1.12108
1.23483
1.12629
1.17108
1.38908
1.21683
1.17679
1.12537
1.37825
1.10271
1.10621
1.15254
1.17658
1.12637
1.401
1.15575
1.08166
1.24516
1.18921
1.02187
1.24054
1.17229
1.05341
1.37879
1.18829
1.07783
1.04908
1.2012
1.22137
1.14871
1.08416
1.03979
1.10004
1.35983
1.11175
1.15687
1.17791
1.11441
1.06516
1.24179
1.19508
1.09304
1.24608
1.03933
1.07875
1.35066
1.33575
1.08725
1.09854
1.13529
1.21837
1.10587
1.23429
1.3367
1.0875
1.27125
1.11791
1.07741
1.22129
1.37145
1.09633
1.16662
1.18283
1.17645
1.14091
1.09966
1.04891
1.17862
1.15687
1.21375
1.30954
1.15858
1.17904
1.3525
1.09608
1.20266
1.34466
1.2182
1.16475
1.15262
1.26745
1.16862
1.13525
1.03866
1.12879
1.22145
1.16225
1.1717
1.2985
1.22812
1.17016
1.20837
1.11333
1.09887
1.12904
1.11037
1.12258
1.19641
1.34391
1.13587
1.21458
1.19862
1.12037
1.17295
1.19016
1.17225
1.16937
1.36783
1.10191
1.25195
1.10816
1.07525
1.15466
1.35912
1.09583
1.39691
1.18929
1.15558
1.21908
1.1155
1.18054
1.17633
1.33079
1.1157
1.11875
1.17025
1.38825
1.20846
1.178
1.30416
1.04183
1.05483
1.228
1.00966
1.35095
1.39512
1.09766
1.16683
1.30837
1.16916
1.12162
1.13887
1.18262
1.12841
1.22683
1.08575
1.21604
1.1662
1.14616
1.10941
1.1317
1.2882
1.18837
1.02725
1.213
1.17666
1.17208
1.1587
1.05587
1.14212
1.1037
1.22545
1.07816
1.22695
1.27733
1.11933
1.10962
1.18133
1.36166
1.17862
1.16904
1.0505
1.31041
1.17437
1.08229
1.06341
1.23491
1.23791
1.16612
1.15541
1.13458
1.25754
1.25729
1.11933
1.23425
1.18241
1.10471
1.14879
1.18775
1.09825
1.11633
1.2305
1.11408
1.15141
1.09421
1.17954
1.0517
1.2267
1.05329
1.1537
1.33533
1.04437
1.12675
1.16266
1.2567
1.098
1.16204
1.22179
1.15354
1.35283
1.18396
1.13271
1.1617
1.26695
1.11521
1.10766
1.09254
1.1145
1.16958
1.21675
1.18679
1.25995
1.25737
1.18637
1.20283
1.16783
1.42466
1.16687
1.1677
1.08866
1.03583
1.14129
1.26579
1.16483
1.16779
1.38679
1.23733
1.10612
1.23941
1.09425
1.35341
1.172
1.19854
1.18216
1.08883
1.54558
1.02566
1.21337
1.173
1.1175
1.10871
1.25454
1.08558
1.15987
1.17
1.08379
1.16775
1.16841
1.04075
1.37687
1.297
1.139
1.13491
1.136
1.0617
1.166
1.2155
1.26816
1.08141
1.2295
1.3672
1.11425
1.15908
1.25966
1.18358
1.2087
1.20995
1.34529
1.21841
1.12308
1.29354
1.14641
1.16625
1.21825
1.16779
1.16708
1.03954
1.23112
1.16271
1.41683
1.03825
1.21266
1.18416
1.22416
1.04487
1.11404
1.173
1.10875
1.21608
1.17521
1.37083
1.17312
1.2905
1.11504
1.15883
1.1975
1.26166
1.19646
1.188
1.20958
1.24458
1.18641
1.1435
1.25412
1.22162
1.1397
1.07887
1.14183
1.15666
1.16895
1.23829
1.1907
1.2935
1.27341
1.17862
1.11054
1.18458
1.2532
1.05946
1.23516
1.16475
1.25862
1.23425
1.2255
1.14945
1.18541
1.29054
1.2097
1.21233
1.17062
1.21496
1.09583
1.19408
1.1567
1.1502
1.23129
1.2162
1.18666
1.36312
1.19575
1.23233
1.22279
1.27987
1.09787
1.29129
1.15979
1.22487
1.13791
1.23233
1.16196
1.20612
1.22362
1.15379
1.23929
1.15979
1.15112
1.24933
1.16941
1.18246
1.19695
1.19887
1.23495
1.17283
1.05287
1.16562
1.18041
1.1
1.14983
1.16054
1.34625
1.09416
1.13654
1.17466
1.17166
1.22629
1.02833
1.15883
1.2612
1.31487
1.2147
1.24491
1.03308
1.10071
1.09437
1.18771
1.16396
1.2155
1.349
1.09483
1.19829
1.18433
1.23866
1.17208
1.18366
1.19804
1.23233
1.11225
1.27779
1.19891
1.2262
1.18283
1.18408
1.18091
1.23812
1.17266
1.16466
1.20287
1.10808
1.22595
1.06091
1.16916
1.23837
1.2815
1.1322
1.2555
1.26587
1.22096
1.2275
1.19091
1.21558
1.15991
1.20933
1.03712
1.14475
1.14687
1.18846
1.18441
1.16996
1.16762
1.20683
1.20637
1.2112
1.15912
1.19037
1.18666
1.18258
1.21945
1.2332
1.1667
1.22962
1.18387
1.12875
1.16875
1.20766
1.22496
1.22495
1.175
1.20837
1.15254
1.16837
1.16466
1.17162
1.15325
1.17462
1.14004
1.1862
1.32441
1.20558
1.19891
1.25712
1.14987
1.12937
1.38274
1.1562
1.12129
1.08071
1.33849
1.22579
1.1817
1.19854
1.18825
1.22087
1.17175
1.17841
1.16966
1.13746
1.10525
1.09404
1.2027
1.20716
1.16866
1.16125
1.14866
1.24308
1.09912
1.23129
1.15991
1.1465
1.26079
1.16312
1.19245
1.13558
1.23929
1.13258
1.1765
1.14745
1.10983
1.27637
1.15387
1.0925
1.3
1.14266
1.16308
1.08254
1.31566
1.21012
1.16521
1.22929
1.16121
1.39433
1.12491
1.18375
1.10895
1.18808
1.23341
1.21208
1.20966
1.2747
1.13537
1.13433
1.19846
1.14925
1.18141
1.12704
1.18833
1.11333
1.20012
1.20045
1.18975
1.22266
1.15787
1.20171
1.22646
1.21958
1.20679
1.1555
1.26495
1.138
1.29608
1.1497
1.23329
1.31545
1.20866
1.21187
1.15721
1.22933
1.17058
1.24308
1.1475
1.20433
1.13991
1.10579
1.15662
1.31946
1.22458
1.13904
1.20375
1.15516
1.26533
1.16395
1.27504
1.14104
1.20095
1.23525
1.24154
1.25933
1.15308
1.22962
1.16087
1.21225
1.13737
1.16954
1.24925
1.18683
1.27608
1.17537
1.10175
1.31162
1.156
1.162
1.24554
1.2145
1.18375
1.43583
1.21487
1.2035
1.20391
1.22771
1.19854
1.21837
1.30137
1.16508
1.1262
1.28375
1.26141
1.09166
1.28354
1.09333
1.14712
1.21279
1.08108
1.1685
1.1985
1.22475
1.18416
1.08333
1.15662
1.21158
1.22658
1.14504
1.24083
1.21171
1.15275
1.16025
1.0995
1.1482
1.28291
1.13346
1.38512
1.20604
1.23441
1.23641
1.28487
1.21987
1.14737
1.244
1.2175
1.161
1.25571
1.26404
1.2147
1.28525
1.13125
1.05487
1.14337
1.29216
1.25862
1.2195
1.25654
1.20641
1.17329
1.1765
1.15425
1.11704
1.17525
1.107
1.15662
1.22691
1.23154
1.17704
1.0915
1.24654
1.11654
1.1165
1.11962
1.24525
1.21583
1.19087
1.14895
1.07445
1.10204
1.17025
1.12558
1.17283
1.29404
1.156
1.1095
1.22308
1.1722
1.10212
1.29821
1.16671
1.13875
1.05866
1.27458
1.09712
1.11554
1.27483
1.12437
1.15562
1.11008
1.11575
1.1695
1.15596
1.17225
1.16287
1.04475
1.28154
1.21079
1.16596
1.27896
1.21225
1.19971
1.20983
1.15779
1.18808
1.12925
1.18837
1.08275
1.08116
1.22912
1.07766
1.17354
1.1145
1.20354
1.14208
1.10287
1.2125
1.09191
1.30879
1.17237
1.11929
1.13816
1.21395
1.16575
1.12775
1.10854
1.19979
1.16354
1.28237
1.28762
1.17175
1.12891
1.06275
1.14829
1.15408
1.21316
1.17646
1.14966
1.2997
1.02754
1.1155
1.10558
1.20658
1.12287
1.072
1.29525
1.15987
1.11562
1.2415
1.17104
1.16979
1.11245
1.186
1.11262
1.13254
1.32987
1.04454
1.09504
1.07012
1.19666
1.1745
1.08287
1.36745
1.08912
1.10562
1.09691
1.1772
1.18216
1.21187
1.08991
1.17233
1.12425
1.2545
1.20554
1.26491
1.16321
1.09825
1.13125
1.25729
1.04816
1.1057
1.30862
1.10529
1.04433
1.10929
1.35225
1.11383
1.18787
1.41295
1.09416
1.37341
1.17525
1.18408
1.11937
1.25091
1.1735
1.14587
1.22675
1.3987
1.11091
1.1142
1.33574
1.05604
1.19437
1.23216
1.14962
1.11725
1.25208
1.28404
1.11254
1.17983
1.171
1.16362
1.10612
1.27395
1.12541
1.12562
1.27729
1.10025
1.19758
1.19166
1.33387
1.07925
1.16962
1.12279
1.1762
1.18075
1.2267
1.15908
1.03541
1.23141
1.24375
1.13125
1.04208
1.18525
1.03762
1.17879
1.31783
1.19887
1.21687
1.28395
1.1782
1.17154
1.20879
1.23329
1.17125
1.18075
1.30829
1.12166
1.20937
1.23575
1.09887
1.17966
1.2355
1.31675
1.09391
1.18091
1.08341
1.18366
1.19404
1.36508
1.1767
1.28891
1.30629
1.09262
1.08029
1.18854
1.15658
1.07296
1.39195
1.11
1.1157
1.22012
1.17925
1.02625
1.14646
1.17887
1.04454
1.16166
1.2307
1.19558
1.10908
1.1987
1.02625
1.09837
