1.05296
0.856081
0.852206
1.00308
0.876539
0.980497
0.829581
0.849081
0.960206
0.85533
0.881581
0.865206
0.768998
0.963581
0.884622
0.959122
0.776331
0.968747
1.00296
0.75654
0.964789
0.915081
0.961622
0.989997
0.738707
0.900955
1.06087
0.895872
1.03791
0.831664
0.849622
0.914997
0.863289
0.906039
1.02045
0.81633
1.08237
0.974622
0.752414
0.981789
1.03054
0.881538
0.895872
0.782956
0.981872
0.881706
0.843373
0.960789
0.822831
0.949956
1.04766
0.881914
1.01266
0.989788
0.858039
0.931997
0.757956
0.853873
1.00412
0.856956
0.872164
0.965122
0.847039
0.977122
0.97333
0.875164
1.0367
0.978622
0.914247
0.996747
0.856872
0.886539
0.977747
0.897622
0.776581
0.963289
0.927164
0.775497
0.952373
0.851206
0.992872
0.998789
0.843623
0.961705
0.978622
0.855539
0.974872
0.957914
0.930664
0.931372
0.884998
0.768623
0.981288
1.00654
0.846122
0.965914
0.875289
0.974997
1.04333
0.909372
1.02804
0.977206
0.849539
1.04833
1.02075
0.938997
0.977664
0.797581
0.851914
0.949581
0.970831
0.841581
1.01171
0.822622
1.01758
1.01779
0.89333
0.945581
0.965164
0.90708
0.862456
1.02583
0.892872
0.848247
1.08083
0.840997
0.993997
0.98683
0.86658
1.00945
0.909497
0.832122
0.944539
0.866581
0.832622
0.923789
0.952039
0.841539
1.02454
0.862206
0.922998
0.897497
0.853081
1.11112
0.976122
0.940497
0.931788
0.879789
0.766581
0.94008
0.952914
0.755247
0.907456
0.95733
0.779873
0.982038
0.887706
1.03212
0.98358
0.891914
0.780622
0.991331
0.990246
0.838872
1.05787
0.804122
1.00021
0.982414
0.935706
0.876456
0.993997
1.03041
0.854123
1.01341
0.943789
0.797039
0.977122
0.846789
1.023
0.975747
1.04245
0.842081
1.04104
0.856664
0.999247
0.912122
0.879622
0.938664
0.989581
0.871705
1.01725
1.03937
0.831039
0.965872
0.924622
0.855206
0.881747
0.983497
0.90983
0.943163
0.93683
1.045
0.927955
0.990664
0.831539
0.965747
0.935872
1.0517
0.844831
0.982914
1.0187
0.819873
0.931039
0.969497
0.751872
0.885039
0.948372
0.853623
1.01046
0.926081
0.811581
0.965872
0.851997
0.976247
0.935955
0.940955
0.762081
0.91208
1.023
0.840664
0.965206
0.949623
0.758956
0.931706
0.856206
0.949747
0.982747
0.944247
0.764706
0.950372
1.01304
0.837248
1.02812
0.865456
0.941789
0.936497
0.959872
0.874997
0.950247
1.01091
0.891039
0.966664
1.01562
0.99433
0.976372
0.908039
0.811622
0.94158
0.975872
0.896497
0.965497
1.00791
1.0015
0.890914
0.989788
0.756122
0.905789
0.871122
0.973538
1.0215
0.950164
0.93633
0.842206
0.943122
1.02875
0.932205
0.875497
0.874498
1.0635
0.971914
1.01575
0.860414
0.923997
0.875831
0.946581
0.943205
0.972914
0.875997
1.03462
0.973872
0.894497
0.928789
0.877623
0.848039
0.972747
1.05387
1.02558
1.02845
0.856622
0.880414
0.973788
0.927498
0.857456
1.04287
0.946664
0.882123
0.953455
0.960706
0.865789
0.963331
0.933414
0.851789
0.952705
0.930664
0.919997
0.923247
0.98533
1.04
0.968747
0.913331
0.849872
1.0187
0.985789
0.818331
0.940956
1.05391
0.98733
1.05083
0.956122
0.933705
1.00704
0.894872
0.94233
0.93783
0.953956
0.910247
0.865622
0.948039
0.881789
0.934622
0.972455
0.874414
0.907372
1.02833
0.862289
0.942664
1.00296
0.895414
0.945914
0.828706
1.00691
0.938289
1.01833
0.868289
0.839664
0.966247
0.932789
0.940164
0.937955
0.970705
0.865497
1.01771
0.92783
0.915539
0.979622
0.939747
0.950206
0.942955
1.03125
0.91433
1.01366
0.962789
0.950831
1.0092
0.998872
0.853622
0.948456
0.974289
0.936247
0.885997
0.897956
0.971455
0.881831
0.905289
0.927414
1.00075
0.866247
0.899872
0.974997
0.940956
0.942205
0.901914
0.94233
0.936997
0.861997
0.897164
0.928206
0.913539
1.00062
0.958997
0.849664
0.959705
0.915122
0.932497
0.896997
0.947039
0.975288
0.963622
0.877373
0.862372
0.960872
0.92508
0.817706
0.917247
0.901289
0.891039
0.953122
1.02508
0.893664
0.922997
0.922997
0.967414
0.916372
1.00941
0.899622
0.930331
1.04258
0.99183
1.03804
0.874497
1.02641
0.975372
1.05229
0.943205
0.873081
1.09879
0.912414
0.910622
0.986747
1.01816
0.883747
0.925581
0.931497
0.920081
0.880039
0.932873
0.879164
0.881914
0.950289
1.043
1.01679
1.0235
0.948081
0.853331
0.940497
0.959081
0.870081
0.936039
0.900539
0.955913
0.876123
0.837997
1.00883
0.930331
0.911205
0.903039
0.905581
0.861497
0.921997
0.927331
0.940789
0.960247
0.95908
0.863247
0.842664
0.898455
0.763623
0.894164
0.794914
0.949664
0.974372
0.835872
0.946455
0.792331
0.927664
0.818248
0.837748
0.873539
0.769456
0.906747
0.885122
0.904539
0.844914
0.873247
0.845206
0.862872
0.743456
0.789206
0.932706
0.872872
0.919997
0.83283
0.874664
0.819539
0.834331
1.14433
0.811748
0.769622
0.824331
0.894664
0.990997
0.828706
1.04316
0.843456
0.893956
0.973747
0.854248
0.867747
1.04062
0.905289
0.838956
1.02162
0.832956
0.920413
1.07437
0.868914
0.852664
1.03708
0.772498
0.875206
0.897664
0.758081
0.895122
0.958955
0.808206
0.772247
0.977788
0.828373
0.917956
0.835914
0.886955
0.794373
1.0245
0.817081
0.783206
0.850997
0.863414
0.77154
0.855622
0.851748
0.922914
0.957247
0.823373
0.798831
0.819039
1.13245
0.941747
0.824914
0.921039
0.915122
0.862456
0.907956
0.962289
0.88258
0.852831
0.827373
0.829997
0.950039
0.976706
0.872081
0.868539
0.803373
0.982747
0.785539
0.840706
0.915247
0.834039
0.776748
0.870414
0.907955
0.746831
0.908914
1.05995
0.842915
0.940789
0.931497
0.805206
0.760081
1.01496
0.849039
0.822956
0.843164
0.983913
0.826039
0.881747
0.873706
0.858706
0.832789
0.860289
0.971706
0.877581
0.849622
0.908122
0.842122
0.790581
1.14287
0.873414
0.851706
0.867789
0.938538
0.849914
0.812664
0.995747
0.786831
0.858955
0.79079
0.835623
0.906581
1.02187
0.944747
0.858497
0.995164
0.811039
0.922455
0.894373
0.842539
0.908873
0.896497
0.835748
0.796581
1.0435
0.764623
0.812705
0.874956
0.861205
0.787373
0.910497
0.765247
0.862664
0.964997
0.818164
0.819998
0.993039
0.815539
0.835039
0.860123
0.825873
0.822831
0.937955
0.760123
0.772206
0.854456
0.882914
0.794497
0.867705
1.01929
0.963955
0.836248
0.974538
1.05937
1.03779
1.02791
0.749789
0.78854
0.986705
1.0255
0.906122
1.13583
0.910955
0.839831
0.919997
0.943539
0.776581
1.00987
0.817206
0.909039
0.86983
0.963914
0.84029
0.790498
1.04175
0.871872
0.873456
0.860414
0.950497
0.82429
0.891289
0.877747
0.872122
0.959956
1.00404
1.01162
0.839456
0.989205
1.16183
0.848914
1.00183
0.859581
0.837206
0.99258
0.835705
0.864872
1.19037
0.865539
0.845831
0.788206
0.911956
0.780248
1.05916
0.820289
0.874955
0.983205
1.00141
0.771289
0.973914
0.774373
0.869956
0.975414
0.852914
0.845997
0.974747
0.946789
0.839748
0.850914
1.16566
0.755956
0.992289
0.889539
0.829414
0.911706
0.905081
0.758164
0.863705
0.862122
0.853747
0.945581
0.838206
0.88983
0.964163
0.766331
0.855164
1.02416
0.899373
0.782081
0.990872
0.792915
0.889872
1.00912
0.760873
0.759123
1.0127
0.879706
0.839456
1.03021
0.833539
0.971456
1.00691
0.871914
0.85983
0.944705
0.918872
0.831039
0.902914
0.837498
0.788872
0.957747
1.02045
0.845789
0.858747
0.981496
0.855622
0.778664
0.923747
1.08695
0.892748
0.872205
0.934331
0.760164
0.904164
0.863539
0.874081
0.782831
0.924539
0.782998
0.842622
0.962872
0.919747
0.827122
0.961872
0.831247
1.05175
0.979289
0.829998
0.883997
0.967664
1.0472
0.768331
0.874164
0.972705
0.989246
0.784789
0.98458
0.843123
0.823831
0.993872
0.95233
0.873205
1.03183
0.987788
0.846039
0.870705
0.962747
0.926414
0.818206
0.977039
0.941039
0.902747
1.01421
0.831456
0.863122
1.07575
0.888247
0.848831
0.985497
0.846372
0.869164
0.964205
0.866914
0.850789
0.985372
0.751706
0.806165
1.0572
0.829789
1.05241
1.07621
0.842747
0.830873
1.04033
0.994413
0.896248
0.939164
0.900664
0.947998
1.03729
0.893873
0.841248
1.02525
1.06566
0.850206
1.02841
0.979456
0.773331
0.941872
0.880748
0.812539
1.00187
1.05245
0.819039
1.00025
1.05204
0.839789
0.819705
0.977039
1.03045
0.884081
0.956038
0.773706
1.03329
1.00575
0.878914
0.838039
0.986081
0.828706
0.871539
0.967122
0.920664
0.836622
0.96708
0.856789
0.881956
1.03425
1.05737
0.833955
0.940663
1.02962
0.930789
0.762414
0.998956
0.898705
0.862289
1.05858
1.00887
0.850748
1.0467
0.932039
0.822705
0.985622
1.0267
0.848373
1.1305
0.936039
0.892289
0.930247
1.05362
0.850789
0.98583
0.953498
0.908581
0.967164
0.96333
0.993539
0.823872
0.918164
0.98108
0.832706
0.945789
0.92808
0.758206
0.886873
0.912497
0.864997
0.788623
1.09712
0.839456
0.824956
0.987538
0.945956
0.986039
0.971539
0.897331
0.845497
0.970039
1.02621
0.888581
0.977038
1.00762
0.929872
0.898789
1.05925
0.943038
0.882914
0.885873
0.913831
0.931747
0.964247
0.961622
0.817498
0.912789
1.01929
1.19366
0.774789
0.949664
0.964372
0.915247
0.989538
1.00262
0.828415
0.970205
0.936622
0.822122
0.996997
0.978914
0.771706
0.970247
1.01941
0.908997
0.924539
0.954705
0.834498
1.01316
0.903747
0.852414
0.923789
1.16179
0.84483
0.959455
1.07825
0.812914
0.955747
0.991164
1.02529
0.893831
0.984038
1.04604
1.03904
0.913664
0.816372
0.97283
1.00254
0.933664
0.940789
0.873539
0.985956
0.995831
0.881706
0.881706
1.072
1.02346
0.752456
0.924872
0.847997
0.991914
1.00516
0.945747
0.958664
1.07137
0.899705
0.771165
0.970955
1.04679
0.943914
0.983539
0.922997
0.823622
0.935664
0.916289
0.866748
0.926414
0.959538
0.833455
0.956747
0.906081
0.934706
1.03037
0.957914
0.920913
0.995788
0.975164
0.851414
0.914289
0.933497
0.947831
0.948581
1.02491
0.897664
1.05404
1.02741
0.940122
1.04204
0.950288
0.873164
0.98558
0.945413
0.758914
0.926164
0.940372
0.907872
0.956539
0.94133
1.00954
0.925789
0.934872
0.952705
0.967372
0.913956
0.879206
1.00116
0.988414
0.945913
0.962955
0.97883
0.904706
0.822998
0.974039
0.934913
0.884748
1.00404
1.01908
0.876039
0.92958
0.870122
0.988289
0.995372
0.941414
0.93533
0.878873
0.918247
0.947038
0.980789
0.916497
0.901497
0.966164
0.916372
0.854664
0.762164
0.957122
0.945414
0.918748
0.971497
0.857372
0.985955
0.945873
0.888497
0.923914
0.972956
0.919664
0.857289
0.820789
0.928955
0.998497
0.875289
0.96633
0.941663
0.921038
0.993081
0.953872
0.923122
0.960164
0.894122
0.953414
0.942247
0.969497
1.047
0.952498
0.941206
0.865122
0.972122
0.999331
1.00112
0.865372
0.881664
0.971247
0.896206
0.97883
0.904456
0.959747
0.944205
0.965081
1.02433
1.01487
1.04079
0.934206
0.954414
0.943247
0.961122
0.871372
0.966205
0.991539
0.857539
0.993372
0.94833
0.86483
0.950372
0.932539
0.968747
1.0327
1.0207
0.919705
1.01087
1.00971
1.01691
1.03037
1.00162
0.860581
1.03775
0.969622
0.972747
1.01896
0.938413
0.940664
0.905456
0.929288
0.881706
0.969206
0.962622
0.941623
0.909539
0.912456
0.87683
0.897955
0.848372
1.04083
0.919456
0.918914
0.919997
0.930206
1.016
0.938997
0.943705
0.99783
0.92258
1.00841
0.969581
0.971706
0.97408
1.01275
0.875373
0.909289
0.850331
0.915705
0.939372
0.940705
1.03908
0.886622
1.1037
0.902497
0.877914
0.864997
0.920831
0.929372
0.941122
0.961039
0.92008
0.994372
0.980913
0.955413
0.982997
0.889581
0.912997
0.91908
1.08858
0.896664
0.922622
1.12691
0.939081
0.869122
0.833706
0.944372
0.899205
0.908664
0.985747
0.967455
0.837456
1.09621
0.906955
0.874539
0.915664
0.99933
0.99883
0.988831
0.872581
0.988163
0.928831
0.948414
0.93258
0.952581
0.89183
0.940039
0.837955
0.919331
1.10766
0.863122
0.907414
0.922997
0.945997
0.915456
1.15412
0.911997
0.985039
1.03925
0.981955
0.956122
0.997622
1.04262
0.934497
0.904206
0.845914
0.918247
0.961538
0.949914
0.851998
0.897622
1.08275
0.856497
0.847956
0.887664
0.952747
1.001
0.889372
0.900747
0.988914
0.897622
0.905248
0.883456
0.856873
0.914039
0.918997
0.908372
0.931622
0.890831
0.944289
1.06508
0.87583
0.82433
0.867205
0.980747
0.905539
0.928081
0.903456
0.945872
0.851998
0.972622
0.930039
0.893539
0.982622
0.99883
0.873581
0.909248
0.823414
0.964331
0.831956
0.872539
0.950914
0.929081
1.03216
0.833498
1.00654
0.946289
0.960081
0.93858
0.953081
0.908205
0.868247
0.853914
0.881456
0.839165
0.970622
0.909205
0.972414
0.844872
0.958331
0.766248
0.844873
1.1605
0.762998
0.832622
0.89758
1.05662
0.842372
0.874289
0.919122
0.750289
0.869956
0.864497
0.836664
0.784747
0.854247
0.792289
0.755914
0.789664
1.24204
0.767373
0.865539
0.882706
0.781456
0.773206
0.991622
0.79129
0.782164
0.861872
0.901998
0.819372
0.926831
0.896456
0.823706
0.773581
0.871372
1.00954
0.832664
0.847706
0.910831
0.836539
0.901289
0.928789
0.838706
0.849955
0.909914
0.768456
0.850247
0.865289
0.927872
0.771414
0.833789
1.047
0.828914
0.849873
0.830914
0.795831
0.80808
0.988664
0.745706
0.767623
0.936455
0.909164
0.852664
0.911123
0.988997
0.773539
0.850622
0.857497
0.844414
0.851789
1.07758
0.779581
0.779997
0.881122
0.904956
0.876748
0.892664
1.04058
0.89283
0.852456
0.904914
0.913789
0.799165
0.853081
0.954497
0.841539
0.846706
0.808539
0.798789
0.782956
0.999788
0.856206
0.808581
0.854039
0.850623
0.780664
0.99658
0.768789
0.830122
0.866122
1.02816
0.915997
0.857289
1.18037
0.757289
0.772539
0.858581
0.975122
0.806831
0.790331
1.01154
0.838998
0.927205
0.912247
0.767497
0.857415
0.922664
0.888872
0.830622
0.786331
0.905122
0.819581
0.835164
0.940289
0.953789
0.796998
1.06154
0.771165
0.900539
0.900372
0.893914
0.835331
0.814789
0.943081
0.801664
0.799831
0.992538
0.879289
0.836497
1.05775
0.844081
0.787873
0.794831
0.947164
0.855581
0.777747
0.856414
0.901455
0.772831
0.784914
1.02254
0.849622
1.04066
0.915122
0.835206
0.899539
0.973206
0.875247
0.810247
0.935997
0.943205
0.771081
0.870289
0.960914
0.805748
1.0235
0.958414
0.773706
0.782206
0.962997
0.850914
0.808039
0.992955
0.846997
0.825622
0.986372
0.86858
0.840998
1.00754
0.819456
0.826414
0.985247
0.893122
0.777456
0.883872
1.05429
0.833622
0.898789
0.968081
0.917747
0.859664
0.951414
0.760081
0.860539
0.96383
0.925622
0.868872
0.859748
0.942581
0.865497
0.767415
0.992788
0.911705
0.763831
1.0857
0.87458
0.843205
