0.002666
0.002875
0.003375
0.002833
0.003292
0.003584
0.003083
0.0035
0.00325
0.003667
0.00275
0.002875
0.003625
0.002916
0.003292
0.003459
0.004
0.003125
0.004583
0.002917
0.003333
0.003625
0.003459
0.003125
0.002917
0.003167
0.002875
0.002791
0.003
0.003375
0.002875
0.003708
0.003291
0.003542
0.002958
0.002792
0.002917
0.002708
0.004167
0.003083
0.004666
0.003291
0.003583
0.002834
0.002833
0.003041
0.002792
0.003083
0.00325
0.003917
0.0035
0.002833
0.003625
0.003042
0.003
0.002625
0.003416
0.003042
0.003083
0.003208
0.003333
0.003042
0.003583
0.002667
0.002792
0.003083
0.002542
0.003458
0.003292
0.003166
0.003
0.002958
0.003208
0.002709
0.003292
0.003208
0.003375
0.002791
0.003
0.00275
0.003083
0.002875
0.003834
0.003584
0.002833
0.003084
0.003042
0.003375
0.002959
0.002959
0.003291
0.003292
0.00275
0.003209
0.003125
0.003375
0.00275
0.0035
0.003375
0.003125
0.003583
0.003166
0.003042
0.003291
0.002708
0.003083
0.003042
0.003333
0.002875
0.002625
0.003125
0.00275
0.003083
0.003
0.002917
0.003291
0.003042
0.003792
0.003
0.003333
0.003375
0.003292
0.002875
0.003042
0.002958
0.002792
0.002875
0.003292
0.003
0.003125
0.003208
0.002708
0.003583
0.003041
0.002916
0.003208
0.003
0.002958
0.002625
0.002792
0.002875
0.002833
0.003208
0.003125
0.002833
0.003333
0.003083
0.003334
0.003
0.003417
0.002791
0.003042
0.003125
0.002875
0.00275
0.003167
0.003125
0.00275
0.003292
0.003334
0.002792
0.003208
0.003083
0.002625
0.004167
0.003416
0.003333
0.002958
0.002875
0.00325
0.003792
0.002875
0.003208
0.003334
0.003
0.003375
0.002959
0.003
0.003292
0.002417
0.003
0.003042
0.003667
0.002958
0.003083
0.003458
0.003083
0.003167
0.003125
0.003875
0.002916
0.003292
0.0035
0.003042
0.003041
0.003
0.003459
0.003
0.002875
0.00275
0.0025
0.002833
0.002875
0.002833
0.003792
0.003125
0.003208
0.002917
0.003542
0.003083
0.003625
0.002709
0.002834
0.003084
0.002959
0.002875
0.002833
0.003166
0.002708
0.0035
0.002875
0.002875
0.003
0.003041
0.003084
0.003083
0.00275
0.003375
0.003458
0.003041
0.004
0.002833
0.003209
0.002875
0.002791
0.003292
0.003625
0.003417
0.002625
0.002959
0.002916
0.003084
0.002875
0.003208
0.002959
0.003042
0.003292
0.002834
0.00325
0.002917
0.0035
0.00275
0.002917
0.005
0.002625
0.002667
0.002667
0.002917
0.003208
0.003
0.00275
0.002583
0.003708
0.003583
0.002958
0.003917
0.002958
0.003125
0.003333
0.003167
0.002916
0.003542
0.002917
0.003292
0.003333
0.00275
0.003375
0.002792
0.002667
0.003167
0.003209
0.003
0.003125
0.003458
0.003125
0.003333
0.00325
0.003458
0.003125
0.002834
0.003083
0.003334
0.003166
0.002833
0.004042
0.002959
0.002709
0.003
0.003417
0.003
0.002875
0.002875
0.003792
0.002917
0.003292
0.00275
0.003625
0.003125
0.002792
0.002792
0.002709
0.002709
0.002958
0.003209
0.003416
0.002584
0.002667
0.002875
0.003
0.003916
0.003166
0.003416
0.00325
0.002458
0.002791
0.002917
0.003625
0.003333
0.003625
0.003
0.003
0.002667
0.002833
0.0035
0.002833
0.002458
0.003083
0.003166
0.002959
0.003458
0.00325
0.003459
0.002958
0.003833
0.002958
0.002916
0.002875
0.002917
0.003708
