13.2492
16.1745
13.1484
13.8683
14.7051
15.3367
15.0161
21.0166
11.6969
11.1414
13.1471
34.5421
10.8287
5.60273
5.90877
8.78947
6.48077
7.69131
9.56855
5.11765
3.95641
6.03611
6.46144
5.73503
5.8034
7.02319
6.65486
5.54657
7.56964
9.63976
8.17727
6.79415
6.85585
8.71064
5.7529
6.28286
9.72243
7.88564
7.09673
8.34785
5.77573
5.7889
5.66457
5.7289
5.44261
5.65653
7.24769
6.79131
6.67715
7.78189
6.94756
13.1379
5.59819
5.64132
5.72457
5.63727
5.67648
9.72239
10.5391
7.05669
6.38698
5.43698
6.05623
5.87965
5.70015
6.62123
9.44272
9.23801
7.36773
5.5924
5.63973
5.5569
5.61994
5.86456
5.77132
6.46148
8.86406
7.1156
7.53481
7.87685
5.46211
5.43886
5.63107
5.62744
5.85732
7.69514
7.90644
8.05014
12.0125
5.79277
5.72469
5.47498
5.4394
6.50511
6.6239
5.50886
5.41723
5.75632
5.77323
7.60785
10.2329
9.86868
5.92032
5.48665
5.45432
5.7474
5.59173
5.97069
5.7899
5.81227
5.88669
5.77369
5.70748
5.69902
5.71844
5.72615
5.61302
9.89893
12.6763
5.50469
5.64961
5.47398
5.60111
5.57694
7.94427
8.70081
7.81889
8.58139
6.12573
5.61807
5.87915
5.46769
7.75431
10.1143
10.3798
6.95515
5.89386
5.56544
7.22127
5.57165
5.42448
7.00915
13.4753
7.88877
5.56044
6.0119
5.63311
5.88665
5.46877
6.19927
7.1056
7.62914
10.0766
7.91693
5.62919
5.50777
8.01268
7.57981
9.3986
8.89893
6.54361
5.68082
5.57153
5.7614
5.90231
8.97456
7.30964
10.6347
9.36947
5.53578
5.59594
5.98848
6.72777
5.76627
6.00211
5.33282
7.66648
9.78839
8.48727
7.27944
5.39419
5.60332
5.66282
5.64427
5.43936
7.15752
10.2322
8.66451
6.8074
8.77722
6.05377
5.4024
5.59286
5.44194
5.67194
6.46502
8.35935
8.81697
7.63598
8.07264
5.50323
5.76144
9.54714
8.89522
9.68605
6.16057
5.84061
5.63036
6.66681
8.02523
7.95093
7.40669
7.20514
7.83702
5.39861
5.75752
5.73877
5.65615
5.57565
5.90236
5.69173
5.53503
6.57552
11.2743
9.27551
6.74098
6.06482
5.69502
5.85461
2.55478
6.73223
7.81064
5.51382
10.4251
12.9871
13.4043
6.8424
8.39497
5.97411
6.15386
5.84748
5.38352
5.73919
5.36594
5.57673
7.47177
5.70752
6.83748
9.22526
9.8223
7.4221
6.10998
5.58477
5.85573
5.51294
7.16223
10.1215
8.53114
8.09356
6.01965
5.95165
7.03623
10.2062
10.3081
7.6486
5.63253
5.43428
5.37119
5.74686
5.54103
5.52032
5.78861
5.73811
5.87748
10.6891
10.3622
7.50731
5.47565
5.40311
5.63098
5.56003
5.59452
5.70127
7.46518
10.0983
10.4007
5.97365
5.80052
5.60307
5.30457
6.08506
5.70019
5.42715
5.98802
9.73868
11.1468
6.05073
5.62236
5.75661
5.69203
5.63444
5.53815
6.41885
7.69531
8.35347
10.3277
7.25039
5.58015
6.94756
8.11397
8.26452
10.2306
5.77294
5.8424
5.76136
5.68086
6.84035
8.23647
7.99327
10.567
5.49861
5.67915
5.62436
5.7369
6.10236
8.92064
8.64847
7.66364
8.70489
7.22802
5.97673
6.32423
5.64786
2.3352
7.85023
5.72407
5.63232
2.20866
10.519
7.30173
7.87448
9.67897
7.25064
7.84419
6.0919
5.5844
5.99723
2.15866
6.82019
6.08273
5.55473
2.31908
8.49264
14.977
10.8222
2.37308
6.83506
5.90848
2.1697
7.46231
11.4317
11.4969
6.6311
6.03631
5.77286
6.57444
6.26044
8.57839
7.10369
5.67594
5.8579
5.42048
2.26174
8.20768
6.17023
7.32152
6.65519
5.63302
6.00582
5.52586
5.74348
5.64532
7.97968
8.57739
9.05947
8.96239
5.85182
5.4599
5.71115
5.38257
5.57386
9.86651
11.2608
6.04677
6.01223
5.54965
5.63894
5.71798
6.97785
5.60748
5.6279
6.69606
8.77693
9.47972
8.72614
2.27362
7.67802
5.94965
5.70311
6.91581
2.09424
10.5939
7.72968
6.82515
5.85832
7.14644
5.67094
10.1939
5.80673
5.97607
7.08027
8.4756
8.65718
8.64152
5.58153
2.07345
8.04798
6.6019
6.66398
5.86465
5.43882
5.33111
7.97802
8.5481
9.00901
6.79735
5.75023
2.31178
6.9374
5.77282
5.72436
8.22039
11.1424
7.87635
6.91685
5.53953
5.48552
5.69402
5.56973
5.8194
5.72544
5.67782
5.59219
7.70873
8.06435
8.18543
8.32931
6.10502
6.96464
5.68969
5.94782
11.2708
9.36772
8.43056
2.42587
11.1729
4.8234
5.36702
7.26756
5.61627
6.00736
5.89715
7.80135
5.55294
0.759623
0.223458
