3.74907
1.11158
1.26425
1.15116
1.11333
1.12729
1.1222
1.27912
1.2567
1.01929
1.13337
1.09416
1.19321
1.13437
1.28054
1.34329
1.18129
1.15691
1.04704
1.13462
1.15337
1.15754
1.18195
1.24075
1.15233
1.10479
1.174
1.10366
1.1782
1.40354
1.37791
1.40962
1.04404
1.1577
1.08941
1.10716
1.21379
1.1742
1.1887
1.08679
1.08245
1.06025
1.12425
1.20345
1.09462
1.13895
1.15362
1.12529
1.11671
1.22208
1.37054
1.0925
1.13866
1.05933
1.13104
1.15379
1.18954
1.14229
1.11625
1.10762
1.29771
1.25291
1.05046
1.16012
1.16095
1.36608
1.12633
1.33062
1.12283
1.06021
1.20254
1.21087
1.07958
1.10695
1.08208
1.16766
1.28508
1.22387
1.142
1.11787
1.12733
1.11004
1.2127
1.21229
1.12229
1.12387
1.19979
1.39716
1.12162
1.13533
1.17154
1.3127
1.21129
1.21587
1.14779
1.1182
1.15604
1.18554
1.0697
1.11095
1.06329
1.27041
1.30379
1.20466
1.13691
1.164
1.2062
1.23045
1.11566
1.09671
1.12112
1.32554
1.22966
1.09158
1.13829
1.07225
1.24666
1.19658
1.16404
1.11333
1.1747
1.17358
1.14941
1.15037
1.09983
1.49254
1.21754
1.11183
1.33137
1.27916
1.11308
1.14412
1.15287
1.2287
1.16396
1.11196
1.15058
1.29783
1.09691
1.11721
1.15745
1.24766
1.17066
1.16637
1.12562
1.15754
1.26279
1.16195
1.13883
1.42591
1.159
1.19229
1.176
1.14679
1.28354
1.14812
1.18446
1.16533
1.21008
1.24929
1.1702
1.15462
1.12958
1.23137
1.36633
1.09287
1.12671
1.30954
1.24791
1.20704
1.13354
1.20754
1.26987
1.22733
1.10375
1.1295
1.13671
1.20412
1.07071
1.14408
1.13266
1.29108
1.16275
1.0917
1.14587
1.27554
1.21587
1.12058
1.12121
1.29695
1.21666
1.18433
1.17037
1.12245
1.21391
1.1025
1.02854
1.1197
1.15691
1.34554
1.19079
1.1182
1.17437
1.15341
1.23208
1.09566
1.2847
1.2422
1.22141
1.1417
1.47004
1.12637
1.22329
1.14671
1.09225
1.14791
1.2285
1.16691
1.18704
1.21987
1.23641
1.07271
1.12391
1.11445
1.1422
1.27762
1.10829
1.06775
1.23995
1.17808
1.23745
1.10208
1.02916
1.28512
1.22433
1.18033
1.13079
1.16487
1.25316
1.33075
1.15441
1.12941
1.11416
1.259
1.197
1.13587
1.3365
1.22483
1.21766
1.03987
1.05337
1.15145
1.1782
1.44837
1.05296
1.16737
1.1522
1.22895
1.13433
1.16266
1.16691
1.23808
1.26079
1.12612
1.12937
1.29937
1.17608
1.28929
1.04479
1.212
1.17354
1.24279
1.28204
1.15387
1.15604
1.14283
1.18825
1.12775
1.10937
1.25108
1.21595
1.14775
1.11091
1.183
1.23512
1.23833
1.08983
1.15887
1.181
1.08787
1.08812
1.12408
1.1377
1.28075
1.02925
1.1095
1.51041
1.17741
1.26133
1.09433
1.24937
1.29195
1.17387
1.12591
1.22166
1.11071
1.18712
1.10033
1.15416
1.15508
1.28329
1.14925
1.18404
1.19333
1.22083
1.12683
1.09687
1.19295
1.20337
1.34704
1.12408
1.15512
1.21179
1.17687
1.06733
1.19991
1.21654
1.232
1.1217
1.14316
1.21137
1.16446
1.25087
1.05341
1.0427
1.1435
1.33216
1.09654
1.111
1.17916
1.16891
1.34525
1.093
1.24558
1.22937
1.35537
1.12475
1.32662
1.24504
