0.965122
0.840914
0.948372
0.871872
0.848206
0.815539
0.786872
0.890623
0.836706
0.953705
0.835331
0.847081
0.832164
0.998538
0.870331
0.784247
0.926205
0.794873
0.94008
0.829956
0.754331
0.865789
0.860081
0.818581
0.785872
1.02029
0.738748
0.852122
0.878122
0.829872
1.06221
0.744789
0.829164
0.860498
0.842289
0.978247
0.865164
0.840998
0.829498
0.870831
0.995455
0.832414
0.837873
0.837414
0.864247
0.853789
0.848331
0.963497
0.776206
0.838956
0.868622
0.852081
0.838206
0.833372
0.827998
0.847123
0.825622
0.850206
0.854414
0.843539
0.786831
0.863623
0.96833
0.911373
0.811789
0.74679
0.872539
0.847706
0.961747
0.819164
0.837831
0.827456
0.884497
0.857831
1.03141
1.02116
0.845414
0.771831
0.889081
1.16671
0.853706
0.771247
0.751581
0.818372
0.845331
0.848081
0.949622
0.843372
0.814623
0.771165
1.03021
0.891331
0.855248
0.847956
0.802581
0.843706
0.959955
1.1157
0.997413
0.768039
0.759206
0.850039
0.907747
0.764289
0.75679
0.864664
0.848206
0.789956
1.01795
0.956497
0.83504
0.861539
0.839331
0.830872
0.990081
1.00346
0.856331
0.909831
0.836664
0.995414
1.09879
0.823914
0.831747
0.843164
0.827622
0.852331
0.970872
0.877705
0.759373
0.831539
0.846164
0.946081
0.929039
0.837039
0.806372
1.03591
1.12608
0.846955
0.813123
0.857415
0.871123
0.836456
1.09966
0.84579
0.855497
0.859164
1.04325
0.995997
0.799623
0.827039
0.837456
0.856831
0.999497
1.001
0.822081
0.833331
0.860081
0.984663
0.905747
0.870206
0.850664
0.883372
1.03004
0.978622
1.01933
0.836997
0.829997
0.794456
1.08471
0.868705
0.843164
0.851748
0.846456
1.01554
0.905081
0.772165
0.827414
0.842914
0.996747
1.10583
0.863747
0.823289
0.843081
0.845539
0.980372
0.967872
0.875289
0.771456
0.829748
1.01533
0.918123
0.787872
0.762289
0.774997
0.776664
0.948247
0.974997
0.837747
0.797914
0.813206
0.95733
1.03591
0.869622
0.811081
0.841664
1.03096
0.935664
0.748206
0.855289
0.84154
0.791206
0.898456
0.995747
0.760622
0.775373
0.777456
1.01491
1.053
0.908456
0.849372
0.822748
0.795373
0.888997
1.07183
0.891122
0.858331
0.845581
0.972455
0.960997
0.960705
0.891248
0.843123
0.835039
0.84958
0.982872
0.761331
1.03716
0.926288
0.969413
0.830414
0.763039
0.889039
0.92658
0.965913
1.12712
0.865997
0.829997
0.848289
0.858331
0.954373
0.904914
0.836206
0.831497
0.854539
0.953289
0.866706
0.980122
0.823581
0.912705
0.985164
0.907456
0.761206
0.84533
0.943039
1.01
0.86983
0.826664
0.831373
0.835539
1.03575
0.913956
0.959997
0.821497
0.855997
0.881164
0.99758
0.931247
0.855455
0.818831
0.824039
1.04504
0.952289
0.923955
0.881873
0.816331
0.837914
1.03658
0.918247
0.81908
0.884581
0.838789
0.924622
1.05045
1.00021
0.917331
0.831956
0.990997
0.954247
0.955206
0.869497
0.837498
0.885081
0.832665
0.962455
0.981997
0.940539
0.837955
0.921289
0.966455
0.977538
0.865122
0.783206
0.977831
1.01662
1.04125
1.00958
0.822081
0.812706
0.999372
1.02812
0.773372
0.770206
0.824456
1.00808
1.00625
0.969247
0.818039
0.893914
1.00133
0.918039
0.908123
0.895081
0.838789
0.840498
0.913705
0.958747
0.976372
0.881664
0.873956
0.836331
1.05296
0.927789
0.945997
0.802081
0.870373
0.99008
0.95483
0.906955
1.04258
0.867789
0.85508
0.823956
0.929789
0.997205
0.829623
0.810956
1.0347
0.946372
0.953497
0.891581
0.934414
0.831998
1.00279
0.944706
0.873372
0.822664
0.880164
0.968664
1.02762
1.02083
0.822664
0.761331
0.813456
0.846289
0.983747
0.956997
0.871414
0.833206
0.829789
1.00066
0.987706
1.02129
1.08283
0.757206
0.822164
0.98283
0.931789
0.872373
0.811039
0.887247
0.968664
0.965706
0.976913
0.826831
0.832164
0.964247
1.00983
0.940747
0.960914
0.838706
0.817248
0.932455
1.05841
1.00629
0.842498
0.82958
0.840705
0.972247
0.965622
0.975956
0.850331
0.774206
0.837706
0.958872
0.996372
0.98208
0.83304
0.874831
0.979122
0.975539
0.999247
0.816456
0.856956
1.01812
0.954331
0.976747
0.997497
0.758123
0.864081
1.023
0.959289
0.966622
0.969747
0.868539
0.946789
0.931705
0.927581
0.900372
0.873372
0.881123
0.834456
0.980539
0.902539
0.984372
0.755248
1.04183
0.960663
0.931081
0.943706
0.946497
0.840581
0.835205
0.941289
0.933706
0.957622
0.892956
0.781539
1.00029
0.96283
1.00116
0.893039
0.793539
0.955788
0.964663
0.91983
0.903789
0.909456
0.996038
0.976039
0.960413
1.0247
1.0355
0.835997
1.01612
0.967664
0.96658
