16.6626
10.7417
9.37589
7.65002
6.20719
7.09452
4.64169
4.93186
5.46857
5.14798
5.1374
5.15653
5.25428
6.36427
5.68702
6.4314
8.6516
6.65135
5.29807
5.31261
5.16328
8.0406
7.67081
7.94672
5.13015
5.30619
5.06923
5.00561
8.35598
8.17752
8.65177
9.24718
8.17785
5.25077
8.54047
8.96672
8.66856
4.98607
7.97343
8.36843
9.04314
5.33898
7.82323
7.94885
8.56064
5.39269
8.60252
8.12748
8.71568
4.92748
7.86089
9.43497
9.43797
8.26768
5.37923
8.40364
8.41701
5.42144
5.80169
8.84089
8.42593
5.12244
8.80089
7.79677
5.52582
5.82515
8.41027
8.81835
5.50998
5.45907
9.97593
8.97522
6.51436
5.16098
8.04456
7.89685
5.3129
6.2909
8.96118
8.83085
7.89931
5.00382
8.18927
7.99627
7.8876
5.0494
8.47502
8.00414
8.39277
8.49793
5.34407
7.90327
8.37581
8.38418
5.21148
8.44443
9.10331
8.59197
8.81851
5.56644
7.44335
9.80526
9.17543
8.87901
5.23853
7.18023
9.64597
8.3791
7.07281
5.30348
8.7721
9.0676
8.5256
5.02832
7.5356
9.19664
11.2185
10.2093
9.59314
6.73644
5.45007
8.5796
9.21272
8.53356
5.31423
8.47222
9.27543
9.09297
8.15035
5.62961
6.28386
8.84252
8.4551
5.23998
5.9094
9.26135
8.5796
6.04552
5.21269
8.76439
9.08155
8.69881
5.29948
5.89731
10.1728
8.90193
9.11268
9.54985
5.3024
5.54536
9.02551
9.41226
9.49489
6.91627
5.0229
9.01164
8.92781
5.1659
5.69032
8.93051
9.13539
8.7791
5.16807
6.11552
9.28143
8.34806
5.07253
6.29686
8.6656
8.81806
5.86944
5.32627
9.00522
8.62893
5.1879
5.44094
8.85056
8.9876
8.98597
5.61527
7.28535
9.16822
9.38706
8.75864
5.93386
5.11098
9.33735
9.68105
9.03006
8.34272
5.18128
7.58581
9.33864
10.4426
8.23706
5.45953
7.45452
8.87818
8.81943
8.86377
5.77194
6.51511
8.71672
8.60968
9.40164
5.1979
5.81307
9.10756
9.45551
8.94651
11.2231
8.27364
5.2214
7.0691
8.37481
8.04889
5.2244
5.69752
7.0361
7.72039
5.17678
7.74431
8.15448
8.78422
7.20927
5.23294
8.06564
8.07952
9.34893
8.81535
5.21553
7.02848
9.1146
9.26214
9.5683
5.45419
5.91827
9.22831
8.92689
9.00264
8.82493
5.43444
6.2389
9.74855
9.27393
9.40301
9.11031
8.54477
5.73327
5.76319
8.46847
8.31643
8.66118
8.42852
5.33777
6.10711
8.96743
8.66356
5.44744
5.75986
8.31939
8.40239
9.26905
8.90143
5.01298
6.81885
9.62785
9.3498
9.5288
8.77006
5.51586
5.71298
8.40997
8.01814
8.41156
5.46136
7.13194
9.11468
9.02639
9.23743
6.50019
5.29061
8.19364
8.31906
8.10589
5.11973
6.49819
8.81064
8.52314
8.90668
5.67194
5.67569
9.06222
9.17964
8.98631
8.55027
5.09703
6.15123
9.03422
8.50097
8.66756
5.40411
6.91723
8.71397
8.97718
9.67318
9.00122
9.82755
7.05885
5.5909
8.43552
9.36781
9.31472
8.92047
8.22797
5.40282
7.53456
8.38627
8.57206
8.74435
6.88252
5.18978
8.63464
9.24876
8.82739
8.80464
9.61105
5.77357
6.06907
9.0146
9.90289
10.0136
8.5146
8.56497
5.00436
6.37477
8.90426
8.53568
8.89551
5.30415
6.2459
8.66614
9.15239
8.76543
6.68723
4.93519
9.03672
8.86356
9.5176
9.46585
5.54482
5.52469
9.4883
9.6743
9.57272
8.87572
8.31743
5.08807
7.25744
8.95951
9.25305
9.48497
7.93135
5.14323
8.36964
8.15173
8.63785
8.02848
5.04882
7.62993
9.45689
8.98751
9.42693
8.89126
5.3654
5.91719
9.27901
9.20289
9.60972
9.09789
9.1806
7.79685
5.56315
5.99419
8.90339
8.07577
8.75235
5.35602
6.31406
8.60431
8.18427
8.0186
8.44443
5.20778
7.70743
10.7002
8.42381
8.83972
9.06247
8.27506
6.8774
5.34273
7.84385
7.85756
7.76335
5.14623
5.82332
10.8119
7.88377
5.14919
8.89118
8.81926
9.16193
9.06889
8.76222
5.80711
5.36044
9.24785
9.60997
9.26364
9.79826
10.9129
7.41527
5.4404
8.45126
9.09331
9.18547
8.3991
8.86631
5.49177
6.06436
8.71664
8.84201
8.2956
8.54643
5.14561
6.45319
8.32756
8.87747
8.58293
8.66926
5.22432
7.15935
8.56556
9.05851
8.81581
8.60247
5.74957
6.02944
8.79114
8.98776
8.45993
8.94164
10.2766
5.94044
7.90898
7.9381
8.34056
6.12723
7.22198
8.13885
8.20285
8.72152
8.55572
5.20024
5.96523
8.8921
8.42214
9.1298
6.42594
4.95607
8.97518
9.05185
9.26626
8.84793
9.10181
6.15061
5.40423
9.55614
8.93664
8.8716
4.99086
6.5264
8.59601
7.77223
7.82773
8.19102
5.48123
8.05752
8.36743
8.63289
6.12477
5.30648
8.68997
8.87535
8.58727
8.34164
6.8269
4.90674
8.92126
8.65756
8.48026
8.99356
8.45014
5.19894
7.18723
9.10881
9.54689
9.18939
9.01918
5.42565
6.11144
9.96772
9.7403
9.33101
9.91118
5.63382
5.59032
9.33431
8.96764
9.23064
10.2535
5.89011
5.47915
8.97014
9.32414
8.89556
8.79085
5.92377
7.01156
8.51647
8.40677
8.50618
8.93368
5.31478
7.67885
8.43097
8.40718
9.4741
8.79722
9.07985
8.84676
6.21177
5.81598
8.64943
9.22222
9.17989
8.25418
8.22489
5.60336
7.36719
9.01306
9.92285
8.79072
5.9159
5.69123
9.11026
8.68964
8.6656
8.51006
5.73511
5.63915
8.15672
8.26852
8.36035
5.30898
7.93589
8.85656
8.66476
8.3791
7.83818
8.57318
5.00694
6.22382
9.4773
9.24881
9.00768
8.94793
9.03497
5.48519
6.5271
8.06214
8.62547
8.49756
9.44047
10.729
5.43119
5.44898
9.57968
9.55476
5.65148
5.78586
8.67864
9.07214
8.39527
8.56427
8.4271
4.94899
8.39193
8.88256
9.06051
9.84668
5.09007
6.60461
8.02143
9.36235
8.61135
8.19168
5.38732
5.85186
8.88385
8.81243
8.50389
7.05602
5.1269
8.0591
8.52535
8.79185
8.21018
8.70306
7.60077
4.79794
8.00293
8.90635
8.01281
10.2004
9.20639
4.92994
7.18994
8.50364
8.1706
9.1166
8.9191
8.17185
6.81419
5.02919
8.97081
7.84943
8.42872
9.08539
9.31668
9.07714
9.55155
11.8738
9.67464
11.41
9.31743
5.77965
6.63694
8.93422
8.90189
8.93106
9.26614
9.1576
8.59193
8.37314
6.16048
5.47357
9.1186
8.45031
9.73768
8.65781
8.2101
8.8081
8.87931
8.90143
8.34552
8.25623
5.18569
7.10689
9.5376
9.53755
9.82964
8.9126
8.75272
7.99568
5.28361
8.5746
9.75689
8.22281
8.82922
8.70876
8.79293
8.46797
8.72393
5.5759
5.45786
9.3861
9.03589
6.20311
5.05657
7.84989
9.01093
8.45447
5.15623
6.85685
8.50897
8.69789
8.38793
9.51168
4.93178
6.74073
8.79947
8.50789
5.47873
5.79002
8.82856
8.0626
8.5286
6.41736
5.50148
8.59293
8.55106
9.8228
10.2581
9.24176
5.42011
6.68773
8.22518
9.36305
9.36589
9.00535
8.60693
8.6791
5.33598
5.78027
9.35501
9.22335
8.61118
9.20926
8.84552
7.63544
5.31036
7.54423
9.35072
9.11522
10.9827
9.00531
8.78993
5.98015
7.11064
9.12314
8.71089
8.82497
9.21756
5.41769
7.45464
8.51464
9.35468
10.3854
10.0559
10.1193
6.12577
5.30336
8.5756
9.12122
9.05197
11.1972
8.96551
7.34556
5.21519
8.30256
8.7461
8.78689
8.73685
8.47818
8.33502
6.40527
5.39928
8.62989
8.64085
9.00018
8.2876
8.2976
5.25228
6.15352
9.01855
9.49455
9.26535
8.7956
5.82469
5.50736
8.25648
8.68889
9.17139
5.50877
5.62015
8.77102
8.0381
8.71385
6.38781
5.16536
8.96106
8.87018
5.21257
6.4151
8.27022
8.47172
8.1921
5.90369
5.22957
9.02293
8.31739
8.57397
5.37657
6.97685
8.97643
9.77922
9.00706
9.18747
8.9066
4.88669
6.30844
8.58122
8.60206
9.83214
5.3474
5.67411
8.50681
8.17968
5.63336
5.58307
8.47514
8.83506
9.13951
5.80511
5.82765
7.87131
8.75427
8.83614
5.44744
6.9141
8.41976
9.01343
8.52647
5.40344
6.05723
8.33752
8.61397
8.09281
5.61798
5.83152
8.98072
8.08518
5.08419
6.13986
9.56997
8.64302
8.78756
8.95672
9.37368
4.83786
8.19373
8.84489
9.73605
9.48451
8.71426
9.35601
9.32281
9.41351
5.68703
6.13861
8.95801
9.0756
9.3141
8.8871
7.68898
8.72002
5.75448
5.46669
9.73197
9.14797
6.02773
5.45048
8.50881
9.44785
9.04672
8.68343
8.28193
9.88601
5.11928
6.76081
8.51881
8.66727
8.82031
8.60781
5.46553
5.4494
8.59947
9.08676
9.16272
9.42793
8.73189
7.14919
5.13232
9.62255
8.15893
8.89297
8.50472
8.60581
7.80373
5.49644
6.7634
8.85064
8.89539
8.55939
9.70443
6.36944
4.91032
8.09281
7.67323
8.70664
5.11723
6.00927
8.8281
9.54335
8.77347
6.06194
5.35932
9.34347
8.85281
10.0047
5.89319
6.93773
9.13122
8.19364
8.84843
8.29423
5.34927
7.34748
8.56514
8.48551
7.13102
4.8034
8.79731
8.47268
9.69689
8.5346
5.69173
5.40027
8.9386
8.52268
9.09514
9.0181
8.3571
5.23465
5.9734
8.59352
9.26605
8.90493
8.2846
5.32948
8.16568
9.2708
9.30735
8.89081
5.84161
5.87952
9.65743
8.70489
9.62685
9.80568
8.87718
9.41372
5.25723
6.22373
9.52189
9.36564
9.60126
11.111
6.35702
5.34202
8.63185
8.91347
9.13035
8.96518
8.56018
8.32768
5.20461
6.29706
8.69914
9.41201
8.93389
9.92709
10.1711
9.4903
8.92731
5.28815
5.88882
9.2408
8.94564
8.82151
8.87289
5.70032
5.52823
8.75368
8.04998
9.02743
8.93089
6.17898
6.92302
8.85601
9.39835
9.02381
8.33131
5.10632
6.81185
8.76489
8.23922
8.09531
5.17428
6.93081
8.50481
9.22518
9.16389
9.24401
8.98647
6.39277
5.1934
8.67939
8.87814
8.33227
9.2306
9.59164
8.96389
5.62911
6.12481
9.0416
8.29493
8.53718
8.72281
8.64743
6.09657
7.59398
8.92226
8.65843
8.92797
9.17356
8.85106
7.69768
5.37036
7.79568
9.1053
9.55935
8.13448
7.81193
7.96739
4.67203
8.11285
7.4666
7.73031
8.0446
5.23386
6.11815
9.23435
8.20422
8.56893
8.67164
9.39522
5.35744
5.66453
9.2276
8.70093
8.99839
5.55652
5.87857
8.17122
8.2581
9.17547
9.15239
5.6334
5.54294
9.47901
9.43218
8.69681
5.35819
5.9609
8.05327
9.68426
8.95856
5.8314
5.75348
8.4286
8.61872
7.37619
5.26686
7.49535
7.94235
8.80931
5.16928
6.04719
8.07693
8.42793
5.22611
5.99502
9.21022
9.25822
8.9646
6.08377
5.08832
9.13518
8.26885
9.03268
6.62298
5.18361
8.57139
9.33455
8.80881
9.24289
9.33118
5.50202
5.68177
9.5816
8.72414
9.20651
5.23886
5.92202
9.71647
9.2726
8.99676
9.11639
7.38219
5.30753
8.48402
9.02626
8.59201
8.60193
8.94493
5.57248
5.61436
8.60006
8.51051
9.2998
5.46711
5.56402
9.34489
9.39885
9.27031
9.39197
5.2729
8.64893
8.8071
8.86385
9.72768
9.4203
5.29986
7.18835
8.71706
8.79556
8.26814
8.15168
5.69123
5.87315
8.47543
9.1128
8.79977
5.49115
5.60382
9.1123
9.21014
8.51743
10.3343
5.31848
6.06381
9.07593
8.96793
9.23147
8.5516
9.42214
6.31265
5.86386
8.78593
9.88072
9.41097
9.25039
11.69
11.0921
5.91765
5.80002
7.75123
7.54118
8.18248
5.13157
5.99432
9.13635
8.89393
8.76543
8.29572
8.60731
7.48089
5.32344
8.39602
9.2943
9.08506
9.18335
8.83497
5.11619
6.40752
8.68635
8.34497
9.90434
8.84343
5.41057
5.92082
8.31339
8.74593
8.62518
8.44927
5.22632
6.97785
8.04127
8.45935
8.73989
11.6642
9.36401
8.59543
6.2594
6.63431
9.67539
8.54181
8.92431
9.00839
6.15798
5.36565
8.56781
9.05768
8.02852
8.29085
6.1179
5.0199
8.32406
8.91247
8.4996
8.10152
5.16511
7.88981
8.00735
8.42618
8.12152
8.45227
6.68819
5.26677
9.10381
8.71735
8.80343
9.07618
5.82527
5.83277
9.09151
8.08856
9.4341
9.18876
8.03089
5.12473
7.19431
8.94197
9.04639
9.34797
9.39235
8.99201
8.46652
5.42969
5.86181
9.91389
9.83822
9.6796
9.31381
8.95418
10.2611
6.39152
5.21478
8.30106
8.28281
8.30531
5.5109
6.14982
8.50027
8.45918
8.23756
8.54089
5.25465
5.93677
8.57206
8.42597
8.24089
5.12286
6.94281
8.82626
8.4276
8.49656
8.98851
8.49785
5.16682
6.28348
8.74093
9.35793
9.03872
9.08672
10.0214
9.35301
9.06276
5.41598
5.82702
8.91326
9.68243
9.18464
5.43336
5.40748
9.75655
9.06393
9.23151
8.27681
8.23756
5.18444
8.18131
7.83893
8.04348
6.15265
5.06273
8.36547
8.42272
8.32789
5.1974
6.45006
8.65664
8.56618
9.11376
5.63952
5.64373
9.27135
9.7651
9.05181
9.46822
9.16085
6.26761
5.11123
9.48968
9.53614
8.84485
8.90951
5.60794
6.28231
9.15585
9.55918
8.44835
9.54626
8.46256
8.91956
9.48276
9.00472
8.28085
7.12802
5.18761
7.46356
8.64272
8.76818
8.39018
9.59301
7.84456
5.39748
7.66218
9.3263
9.0756
8.78402
8.9731
8.40447
8.37072
5.41119
7.34152
8.66897
9.24685
9.00522
7.95252
8.27031
5.10211
6.6261
8.67872
8.24577
7.23148
5.33869
5.91665
8.28431
8.01656
8.14418
5.31073
5.76232
9.52876
8.65922
8.67572
9.10556
9.32076
5.42365
5.48907
9.09951
8.95393
8.4356
8.18006
8.84497
5.11957
7.24577
8.96714
8.64272
8.32639
8.7306
7.82827
5.21494
7.42781
8.28097
8.56564
8.87385
9.35826
6.16898
5.24411
8.57914
8.12281
8.58493
6.53948
5.41286
7.46164
8.71864
8.63739
8.14839
8.50639
6.17765
5.21048
8.39968
8.83035
8.9496
9.10581
7.50764
4.9499
7.95285
8.3556
9.66393
8.75789
8.78331
8.60656
8.63893
6.28094
5.16869
9.05422
8.66152
9.26926
8.41502
8.66185
5.31957
5.75169
8.92781
8.20414
8.98818
8.00323
7.62781
5.15636
7.69673
8.16447
7.93235
8.69031
8.16618
5.13503
6.5874
9.81734
8.65006
8.77472
9.10497
8.38143
8.11623
5.56907
5.66715
8.01131
7.85389
8.33014
5.62752
5.68152
8.15472
7.29069
7.73843
5.48798
5.5369
8.27252
8.08268
8.47447
8.54268
9.35372
5.5284
6.02719
9.3756
10.3956
8.75639
9.03285
8.57693
9.4811
9.10939
5.93094
5.19615
9.63805
8.57489
8.48797
8.80689
9.22397
8.88906
8.4681
8.31893
5.13107
6.37331
8.47247
8.0356
8.34297
8.39331
5.83336
6.66685
9.35951
8.70026
9.48497
9.55322
9.40489
9.52401
10.9551
5.55194
5.52748
8.53927
8.85864
9.02343
8.14297
10.134
5.57148
6.00686
9.1128
9.10743
9.1936
9.46914
9.25056
8.60826
5.27532
6.18969
8.91251
8.94976
8.58952
9.15214
9.13505
9.5091
8.86997
5.94777
5.98473
8.3626
8.83622
9.46722
9.65793
8.83468
9.58043
8.83539
9.08993
8.73347
5.80832
5.93965
8.51043
7.55935
8.0471
5.3444
5.74065
7.97564
7.36598
8.03827
7.11289
5.19794
8.4351
8.80647
8.36706
8.30668
8.29714
6.6996
5.38794
8.8036
8.56339
9.44493
9.4536
9.21943
9.41822
8.39064
6.9149
5.33836
7.9481
8.64764
8.40652
8.37272
8.38564
8.66606
8.34597
5.1544
7.52002
7.93606
9.06339
8.82972
8.23798
5.24215
5.93673
8.41089
8.44435
9.09122
9.02981
7.53239
5.33482
7.50485
8.07927
8.61847
9.07706
8.46556
7.86331
5.17878
8.27739
8.81506
9.60651
9.27589
8.7966
9.16155
8.79747
8.56431
8.6871
7.46848
5.35019
8.07235
7.63039
8.17802
8.0726
5.66052
5.77469
8.64147
8.21164
8.3056
6.16731
5.31448
8.3216
7.88152
8.65535
9.67843
8.91493
5.26811
6.79377
9.24422
9.93585
9.07089
9.04193
11.6018
9.63605
5.78407
6.61423
8.68135
9.5871
10.676
8.70243
8.81768
8.65301
5.17873
6.91931
9.29151
8.99868
9.29497
8.38368
5.39357
5.96448
9.59064
9.55893
8.72293
8.42097
8.60764
8.28064
6.00652
6.96131
8.35022
10.1086
9.21435
8.97601
8.51806
9.22381
7.71244
6.05869
7.21839
7.61556
7.09452
7.90252
5.30669
2.99437
0.29004
