3.72107
1.19858
1.25021
1.11441
1.12154
1.1742
1.28487
1.10441
1.151
1.13904
1.17654
1.16204
1.10187
1.08629
1.21687
1.17495
1.07429
1.1697
1.12858
1.05229
1.11433
1.29633
1.12045
1.12937
1.19087
1.27829
1.17646
1.10012
1.09071
1.09841
1.17708
1.32325
1.333
1.17575
1.19025
1.12004
1.17254
1.09658
1.08275
1.09712
1.17895
1.25762
1.29641
1.17762
1.13787
1.2912
1.17429
1.1065
1.12625
1.15962
1.15712
1.21091
1.18246
1.18804
1.1105
1.39062
1.29637
1.08025
1.12779
1.10925
1.51333
1.24283
1.0435
1.20129
1.16408
1.21216
1.09104
1.2085
1.11237
1.10408
1.045
1.20087
1.27308
1.15979
1.16725
1.213
1.1437
1.15387
1.11808
1.09725
1.23571
1.17404
1.2437
1.11187
1.06421
1.18345
1.26008
1.21458
1.06546
1.16112
1.12441
1.31741
1.21696
1.19591
1.04329
1.10558
1.21841
1.22733
1.11766
1.12058
1.12954
1.20604
1.29079
1.20316
1.10458
1.31175
1.1475
1.0375
1.14229
1.11283
1.32683
1.15121
1.17412
1.04416
1.12325
1.32954
1.26858
1.13529
1.09591
1.14562
1.20366
1.171
1.12325
1.02546
1.24279
1.17816
1.03683
1.11391
1.23012
1.10279
1.27666
1.17887
1.13308
1.22866
1.23295
1.24954
1.10062
1.15729
1.37166
1.22571
1.20283
1.09862
1.21245
1.384
1.11591
1.42008
1.07062
1.10596
1.18637
1.24091
1.05758
1.15333
1.14766
1.25104
1.33883
1.09421
1.14183
1.38558
1.26762
1.16541
1.18571
1.13079
1.25729
1.19245
1.20141
1.10587
1.19479
1.12466
1.15554
1.2437
1.083
1.0785
1.03845
1.15287
1.25287
1.32675
1.16012
1.06708
1.16196
1.30445
1.23225
1.157
1.12637
1.18241
1.20525
1.11275
1.06687
1.26475
1.14108
1.08566
1.14937
1.05958
1.26758
1.13112
1.1522
1.11066
1.19366
1.13754
1.3105
1.12104
1.14483
1.21241
1.24095
1.21779
1.14633
1.125
1.21104
1.15921
1.24041
1.09316
1.13721
1.17275
1.14904
1.2587
1.188
1.29766
1.18529
1.404
1.14062
1.08216
1.11166
1.15366
1.16212
1.25675
1.1072
1.03287
1.15521
1.17462
1.27591
1.15804
1.31416
1.17391
1.13983
1.10683
1.19304
1.16937
1.16208
1.09279
1.07312
1.18258
1.17204
1.20875
1.21945
1.09554
1.13858
1.18491
1.21512
1.03979
1.20475
1.16191
1.14137
1.26079
1.1015
1.17204
1.14691
1.16079
1.17862
1.09887
1.17341
1.20833
1.21721
1.14279
1.17079
1.17475
1.15633
1.13758
1.38462
1.1287
1.36941
1.20395
1.18008
1.17158
1.154
1.21683
1.22616
1.3115
1.05012
1.08404
1.24629
1.236
1.20729
1.06191
1.14291
1.20158
1.21441
1.2565
1.13458
1.12516
1.15237
1.22504
1.20754
1.1602
1.17441
1.19108
1.17779
1.19766
1.31612
1.12616
1.16104
1.231
1.22212
1.20925
1.144
1.15729
1.16916
1.32212
1.09796
1.22179
1.16541
1.20929
1.1687
1.31616
1.16266
1.18895
1.08175
1.05787
1.13454
1.20641
1.42041
1.12287
1.24275
1.17704
1.32804
1.2265
1.12196
1.34816
1.17879
1.2835
1.05633
1.12358
1.09471
1.21737
1.36112
1.05783
1.27754
1.24666
1.1205
1.16441
1.13071
1.14525
1.11754
1.21358
1.05529
1.27425
1.23537
1.16933
1.08237
1.16275
1.31145
1.23304
1.3072
1.21291
1.11721
1.15012
1.146
1.25029
1.17425
1.28491
1.10216
1.14304
1.24258
1.15721
1.23883
1.14437
1.18545
1.0795
1.12483
1.12683
1.21916
1.14387
1.05029
1.29995
1.1517
1.148
1.34679
1.17125
1.33729
1.14945
1.18633
1.11412
1.20829
1.27458
1.16
1.17275
1.03783
1.14216
1.08883
1.26033
1.17895
1.05346
1.20962
1.09916
1.21625
1.11362
1.15066
1.14425
1.23087
1.1502
1.14925
1.17733
1.14662
1.229
1.30041
1.14833
1.33391
1.22162
1.11254
1.17437
1.14504
1.30112
1.09612
1.18995
1.20691
1.11533
1.22675
1.14258
1.10916
1.17779
1.19683
1.14833
1.18091
1.19629
1.3475
1.16241
1.13825
1.25087
1.16537
1.13558
1.23466
1.24991
1.38008
1.10212
1.22179
1.16329
1.20745
1.08116
1.19616
1.19295
1.14429
1.21837
1.08033
1.17691
1.22387
1.22258
1.14037
1.08991
1.22054
1.14554
1.16425
1.33483
1.1215
1.1017
1.2665
1.28029
1.14904
1.11008
1.16887
1.24096
1.36491
1.11941
1.17329
1.23495
1.17954
1.18125
1.28421
1.16671
1.18171
1.21333
1.17991
1.34237
1.1595
1.19354
1.17679
1.29995
1.27058
1.14862
1.16766
1.21583
1.19254
1.23537
1.16071
1.14758
1.19487
1.09725
1.13912
1.07837
1.18145
1.27241
1.12183
1.15271
1.15137
1.19579
1.23016
1.0877
1.16825
1.22887
1.1772
1.28704
1.15316
1.08887
1.19791
1.23858
1.04512
1.12804
1.20904
1.15416
1.09766
1.20745
1.15983
1.14479
1.22704
1.29375
1.25045
1.15625
1.23179
1.20825
1.20187
1.13729
1.14646
1.16654
1.27312
1.21846
1.15796
1.16337
1.27812
1.26204
1.20466
1.141
1.22916
1.10916
1.1805
1.15921
1.17933
1.266
1.22608
1.09433
1.11687
1.25579
1.26491
1.17383
1.13666
1.15541
1.20312
1.23566
1.21371
1.15579
1.19829
1.32933
1.09021
1.2315
1.25604
1.28045
1.12233
1.21683
1.17183
1.23579
1.16458
1.34974
1.1665
1.13671
1.25221
1.19579
1.35733
1.179
1.15841
1.15687
1.27029
1.19446
1.16275
1.15045
1.21329
1.20004
1.14345
1.15816
1.14683
1.20987
1.3
1.15446
1.20383
1.16537
1.2055
1.16987
1.23166
1.1765
1.14912
1.30862
1.23791
1.26641
1.22141
1.23841
1.11916
1.16637
1.09091
1.24329
1.26812
1.102
1.22125
1.17504
1.14966
1.25662
1.18041
1.1457
1.14716
1.22496
1.31691
1.09083
1.14666
1.27445
1.25287
1.10904
1.15604
1.15308
1.2582
1.2895
1.09483
1.13579
1.22241
1.202
1.30237
1.15866
1.22862
1.24266
1.1525
1.38112
1.21654
1.21437
1.10658
1.25083
1.1322
1.23741
1.15929
1.22366
1.45716
1.15062
1.22204
1.17287
1.12416
1.1077
1.14762
1.226
1.22429
1.3017
1.1685
1.26679
1.419
1.13604
1.15187
1.14308
1.15941
1.30137
1.22512
1.15783
1.14875
1.28379
1.14933
1.25262
1.1657
1.26691
1.39025
1.2205
1.15025
1.09466
1.3667
1.18491
1.11954
1.20154
1.24533
1.15216
1.16729
1.19079
1.09608
1.29858
1.1655
1.19004
1.09133
1.21704
1.14129
1.08941
1.22262
1.31625
1.18083
1.13858
1.22708
1.20141
1.26862
1.23554
1.23925
1.20812
1.32129
1.21625
1.15504
1.265
1.18158
1.34683
1.18437
1.21316
1.1692
1.23812
1.22162
1.17162
1.19525
1.22058
1.1362
1.17941
1.21654
1.18337
1.20204
1.15591
1.40087
1.17929
1.1867
1.18195
1.17695
1.45287
1.1662
1.23695
1.20825
1.28633
1.17504
1.22754
1.21816
1.2077
1.50283
1.04575
1.17908
1.27016
1.18345
1.3897
1.16166
1.0592
1.20883
1.30254
1.16108
1.14429
1.17446
1.26683
1.17041
1.1175
1.11396
1.17366
1.271
1.1645
1.03666
1.18016
1.43599
1.17629
1.15875
1.15841
1.1235
1.20358
1.15691
1.16337
1.08916
1.19866
1.12362
1.13133
1.17087
1.125
1.13208
1.08562
1.10637
1.23329
1.37879
1.08404
1.19316
1.12179
1.39933
1.04879
1.19233
1.13671
1.14408
1.39491
1.163
1.11329
1.17087
1.06333
1.29479
1.07871
1.04825
1.11612
1.39904
1.2082
1.09508
1.13987
1.1077
1.37833
1.18154
1.1017
1.23062
1.13104
1.33212
1.20295
1.07946
1.21087
1.13671
1.04833
1.285
1.11641
1.17241
1.18129
1.11833
1.34595
1.1802
1.06462
1.2265
1.16758
1.2225
1.05066
1.07279
1.10758
1.43879
1.17033
1.11166
1.18983
1.06045
1.25275
1.114
1.15208
1.1157
1.12466
1.30291
1.10291
1.07587
1.10975
1.09295
1.20321
1.17471
1.05012
1.13458
1.1057
1.28225
1.19712
1.12183
1.11862
1.19183
1.17979
1.20941
1.11129
1.13012
1.12712
1.22983
1.17591
1.07854
1.16091
1.10875
1.24441
1.12112
1.06154
1.17695
1.09183
1.18133
1.0845
1.13212
1.19362
1.14166
1.21729
1.21941
1.07391
1.04758
1.33379
1.055
1.07229
1.10662
1.46704
1.203
1.09312
1.24045
1.23737
1.25058
1.17375
1.13979
1.36612
1.12666
1.22879
1.18537
1.13608
1.12925
1.27291
1.176
1.09091
1.11508
1.09466
1.45191
1.3432
1.05496
1.17879
1.3247
1.21483
1.368
1.09858
1.16079
1.40516
1.24562
1.12141
1.03754
1.10641
1.17387
1.11641
1.14275
1.17121
1.22704
1.236
1.1222
1.12133
1.18683
1.21287
1.17996
1.05546
1.19708
1.10525
1.20141
1.17091
1.17516
1.057
1.13341
1.25433
1.25296
1.10987
1.06275
1.1095
1.18512
1.3025
1.10887
1.04975
1.18583
1.22079
1.09404
1.19095
1.1357
1.18475
1.21433
1.11404
1.16375
1.18445
1.09029
1.16354
1.12083
1.16716
1.10887
1.28425
1.12116
1.13179
1.13612
1.07666
1.15725
1.15758
1.05383
1.13045
1.11637
1.16737
1.23108
1.09404
1.11858
1.04383
1.13087
1.08737
1.1545
1.18137
1.32195
1.24621
1.14712
1.09825
1.12004
1.20958
1.09816
1.191
1.09733
1.12441
1.05679
1.10587
1.2055
1.19121
1.25145
1.08791
1.19541
1.35787
1.2545
1.09312
1.12125
1.06087
1.40445
1.22808
1.10666
1.14146
1.29083
1.48845
1.17271
1.13166
1.11408
1.24133
1.21675
1.12908
1.18141
1.22833
1.20866
1.15112
1.17895
1.16108
1.2042
1.21962
1.11321
1.15591
1.0857
1.13004
1.09633
1.11983
1.04712
1.17121
1.20641
1.21175
1.05795
1.10012
1.16162
1.09625
1.17646
1.10962
1.17025
1.20491
1.28125
1.11487
1.1465
1.12987
1.22983
1.3862
1.20929
1.121
1.21329
1.17437
1.2162
1.08421
1.13166
1.11158
1.18375
1.09796
1.11045
1.42583
1.2475
1.10529
1.09712
1.40608
1.14216
1.25354
1.04608
1.09841
1.1405
1.18612
1.09912
1.17875
1.09
1.19371
1.24675
1.21687
1.07496
1.10946
1.26591
1.12141
1.19362
1.04896
1.16279
1.24371
1.23787
1.18641
1.17137
1.08441
1.1645
1.19608
1.22029
1.17904
1.15975
1.18325
1.19204
1.17233
1.15604
1.15933
1.22254
1.34499
1.09316
1.11637
1.17554
1.18412
1.3377
1.11779
1.10458
1.30016
1.10687
1.16712
1.10008
1.10937
1.26246
1.16991
1.23083
1.12008
1.14346
1.18862
1.21758
1.1552
1.15591
1.15937
1.33645
1.15508
1.20262
1.24654
1.04112
1.33641
1.251
1.24316
1.05787
1.10312
1.26512
1.232
1.18425
1.14804
1.22637
1.21916
1.15504
1.07675
1.10862
1.0485
1.18225
1.15825
1.11404
1.17879
1.22058
1.23875
1.26541
1.10196
1.08421
1.15654
1.35725
1.11004
1.07979
1.17316
1.13975
1.27558
1.0597
1.04712
1.22975
1.17754
1.236
1.14225
1.17516
1.21225
1.15058
1.168
1.22054
1.21246
1.2675
1.33987
1.09821
1.19508
1.18196
1.21566
1.19583
1.10962
1.12662
1.18508
1.20658
1.18154
1.08412
1.15779
1.21745
1.1417
1.18712
1.10858
1.42525
1.23766
1.2795
1.15796
1.19712
1.15391
1.18654
1.20691
1.11254
1.19325
1.24458
1.38579
1.16662
1.23608
1.22262
1.24512
1.03887
1.25075
1.245
1.23062
1.20841
1.17937
1.28208
1.134
1.23791
1.05287
1.03641
1.2527
1.21079
1.27845
1.15304
1.29345
1.15262
1.207
1.26216
1.10425
1.28637
1.23666
1.24395
1.10783
1.10146
1.34862
1.23962
1.27566
1.13245
1.17975
1.16616
1.22754
1.21387
1.097
1.14254
1.14158
1.21883
1.09716
1.12829
1.24837
1.15933
1.10741
1.16083
1.2987
1.16975
1.24525
1.37633
1.17
1.1215
1.2075
1.21658
1.1897
1.126
1.13587
1.2162
1.14375
1.38687
1.13779
1.21541
1.29916
1.24404
1.11641
1.14937
1.28179
1.17779
1.18891
1.15962
1.33045
1.13154
1.14783
1.30662
1.14183
1.14508
1.21521
1.14866
1.27675
1.21545
1.18333
1.25854
1.24983
1.12441
1.19545
1.15591
1.13454
1.1197
1.31962
1.20079
1.28083
1.12737
1.19083
1.16712
1.19683
1.31708
1.09212
1.21695
1.23004
1.10383
1.34391
1.05054
1.20237
1.13712
1.09758
1.16345
1.12583
1.17291
1.235
1.23721
1.25587
1.04033
1.20608
1.20925
1.12866
1.12645
1.14879
1.20387
1.19029
1.15762
1.04645
1.3062
1.16462
1.28237
1.04204
1.2637
1.16933
1.14095
1.07871
1.12962
1.30379
1.13258
1.16958
1.18291
1.22004
1.18654
1.15429
1.26316
1.16862
1.2835
1.23604
1.1112
1.13196
1.25691
1.19029
1.17266
1.20921
1.15925
1.25554
1.24054
1.18079
1.11895
1.17029
1.19566
1.16895
1.19362
1.17662
1.03216
1.12275
1.19945
1.17541
1.22108
1.09275
1.1942
1.18708
1.15762
1.09512
1.02791
1.24258
1.22462
1.1322
1.11104
1.13212
1.22695
1.09
1.0877
1.2115
1.21525
1.17062
1.12633
1.11475
1.23054
1.17833
1.21966
1.2082
1.11283
1.21679
1.20571
1.1297
1.16912
1.11312
1.16046
1.13662
1.32087
1.03508
1.17012
1.24195
1.14033
1.3627
1.12675
1.13262
1.16625
1.185
1.22446
1.16558
1.13262
1.17125
1.23558
1.24208
1.22154
1.14358
1.21712
1.13587
1.17466
1.12875
1.15237
1.19454
1.16616
1.31604
1.10841
1.28616
1.164
1.10695
1.06779
1.18275
1.1922
1.15325
1.31941
1.20037
1.21562
1.19766
1.10041
1.1907
1.17491
1.15666
1.17491
1.20725
1.36775
1.17137
1.15641
1.15583
1.17416
1.22758
1.1985
1.17846
1.2307
1.23633
1.12837
1.18395
1.15596
1.2142
1.25775
1.1717
1.19358
1.16354
1.26937
1.16916
1.09241
1.16796
1.20104
1.26754
1.155
1.15279
1.14512
1.16187
1.17196
1.23837
1.1282
1.23362
1.2685
1.17316
1.24216
1.15921
1.22545
1.26833
1.25783
1.10329
1.18179
1.21545
1.16396
1.26658
1.18695
1.16396
1.15004
1.08583
1.32125
1.14562
1.21187
1.10079
1.33258
1.21133
1.20508
1.12883
1.15721
1.29896
1.10933
1.19558
1.18379
1.2165
1.19054
1.37808
1.16529
1.12845
1.20716
1.28896
1.20408
1.23225
1.19883
1.14866
1.19162
1.28412
1.16808
1.4227
1.2265
1.13808
1.16937
1.09987
1.20846
1.27091
1.20366
1.20962
1.18079
1.23525
1.22075
1.20854
1.22108
1.23087
1.2485
1.21962
1.17495
1.16141
1.26825
1.26979
1.18162
1.15987
1.21862
1.3212
1.23554
1.24954
1.23041
1.24587
1.23216
1.22504
1.16645
1.14158
1.24933
1.0925
1.16383
1.22929
1.32266
1.2245
1.22187
1.19266
1.18041
1.21854
1.14437
1.1642
1.1445
1.19545
1.23037
1.1557
1.18116
1.27329
1.13921
1.14533
1.12712
1.15716
1.19171
1.22121
1.25608
1.15995
1.39062
1.22404
1.15537
1.12537
1.20183
1.11187
1.16666
1.14829
1.15941
1.23795
1.31925
1.1537
1.21775
1.20475
1.7082
1.35929
1.20008
1.18508
1.14775
1.223
1.2495
1.15425
1.27941
1.22383
1.2777
1.15754
1.14521
1.17966
1.26025
1.14925
1.19354
1.15883
1.10279
1.20179
1.09991
1.26896
1.12108
1.0932
1.08004
1.23137
1.18212
1.22591
1.29362
1.23104
1.14366
1.24079
1.22654
1.29433
1.17145
1.17054
1.22766
1.21304
1.41833
1.22171
1.16475
1.13533
1.20812
1.18246
1.13816
1.04296
1.11645
1.39341
1.06225
1.09512
1.1522
1.23612
1.12016
1.096
1.25221
1.07766
1.207
1.037
1.16183
1.17383
1.20387
1.21237
1.08362
1.12579
1.08812
1.06804
1.29325
1.07675
1.08462
1.11095
1.19641
1.42516
1.11254
1.11629
1.1562
1.1762
1.20258
1.15958
1.15537
1.05595
1.04991
1.04379
1.07245
1.2265
1.2805
1.10554
1.1402
1.17279
1.40391
1.10091
1.15737
1.11804
1.10058
1.21904
1.1015
1.12104
1.16846
1.23716
1.172
1.18345
1.11654
1.17637
1.26566
1.17025
1.11358
1.1937
1.09941
1.28795
1.05208
1.10996
1.14166
1.25591
1.16408
1.17396
1.13462
1.13266
1.27412
1.1835
1.12087
1.06033
