1.14271
0.799331
1.1305
0.836998
0.833206
0.772706
0.905581
1.02608
0.923914
0.812914
0.764998
0.829831
0.847164
0.856289
1.02296
0.972539
0.829789
0.776873
0.846205
0.880289
1.00908
1.05766
0.873747
0.875455
0.817747
0.887872
0.947414
0.930205
0.819456
0.827456
0.789581
1.0645
0.911539
0.759956
0.829081
0.889914
0.979997
0.820164
0.850539
0.852914
0.791081
0.959455
0.863205
0.762789
0.841664
0.88483
0.964122
0.946289
0.831498
0.840165
0.774289
0.917622
0.765373
0.800872
0.850539
0.991622
0.983247
0.818164
0.822289
0.822373
0.913039
1.01754
0.828414
0.795289
0.871039
0.868456
1.04808
0.98808
0.844414
0.855456
0.869373
0.964456
0.886914
0.749081
0.779456
0.779789
1.01541
0.960206
0.836039
0.826998
0.772997
0.993288
0.917456
1.00233
0.865414
0.84808
0.900831
0.935497
1.00383
0.832539
0.978372
0.955414
1.01912
0.76154
0.909622
0.845914
1.05129
1.01646
0.838372
0.809914
0.837747
0.960122
0.891955
0.80233
0.850455
0.895122
1.0415
0.882705
0.778414
0.873164
0.884539
0.97158
0.764123
0.902039
0.852497
0.96433
1.01854
0.769539
0.925039
1.03916
0.948081
0.832206
0.875914
0.772622
0.917747
1.01633
0.847914
0.854372
0.896331
1.065
0.878498
0.762706
0.854331
0.943539
0.935623
1.03187
0.835248
0.826039
0.918706
0.965705
0.986039
0.838581
0.78454
0.933706
0.986664
0.870789
0.911414
0.84558
0.986997
1.03662
1.02808
0.752873
0.769498
0.953039
0.944789
0.839414
0.838372
0.959164
0.888497
1.00516
0.761206
0.882872
0.992414
0.976538
0.962497
0.820123
0.806206
0.857455
0.973038
0.965039
0.856039
0.875914
0.902164
0.98233
0.967497
0.905206
0.825164
0.929872
0.988622
0.915539
0.936872
0.76908
0.844789
0.994372
0.912706
0.860331
0.87308
0.851039
1.02887
0.982206
0.832747
0.91833
1.00058
1.02675
0.755289
0.839289
0.897664
1.01691
0.905706
0.831247
0.845831
0.955997
0.928205
0.998331
0.847081
0.851414
0.950872
0.973455
0.954872
0.830497
0.764539
0.961539
0.96133
0.749581
0.825706
0.99908
0.979789
1.00579
0.752581
0.83879
0.851247
1.00508
1.004
0.915247
0.826165
0.880205
0.954998
0.977039
0.937205
0.755289
0.850539
0.981247
1.00608
0.962705
0.762581
0.952705
1.0127
1.02416
0.842373
0.781706
0.945497
0.963748
0.946331
0.808789
0.840165
0.997456
0.990747
0.819497
0.777122
0.969039
0.938997
0.935705
0.845331
0.851873
1.0152
0.964414
0.968539
0.839831
0.777997
1.00987
0.951372
1.02583
0.770164
0.827331
1.0447
0.958788
0.908914
0.868331
0.931705
0.992456
1.00508
0.756498
0.744331
0.965872
0.979163
1.05912
0.98558
0.829706
0.939122
0.989038
1.00054
0.860748
0.845039
0.93733
0.95583
1.05425
0.826039
0.829373
1.01479
1.0557
0.992747
0.78454
0.760748
0.981872
0.972413
0.913664
0.777581
0.829539
0.96458
0.870497
0.924706
0.785455
0.764831
0.924081
0.996622
0.876498
0.824497
0.907789
1.00591
1.11904
0.810915
0.852664
0.94358
0.995705
0.844456
0.825581
1.00329
1.01491
0.902414
0.826997
0.844372
0.977039
0.925205
0.99308
0.838747
0.959039
1.01762
0.999288
0.861664
0.879705
0.988413
0.964539
0.905414
0.893622
0.914789
0.900789
1.14279
0.967747
0.846206
1.01179
0.969872
0.937122
1.01462
0.83208
0.935539
1.00079
1.00816
0.810164
0.97708
0.940622
0.904747
0.92608
0.816373
0.921955
0.998163
1.009
0.753664
0.991955
0.953581
0.967372
0.955122
0.780664
0.912373
0.984914
0.971622
0.89083
0.76729
0.980039
0.955914
1.02733
0.809622
0.84783
0.996122
0.949789
0.895456
0.758873
0.982955
0.963664
0.915747
0.834247
0.974122
0.906456
1.0352
0.921039
0.898414
0.931331
0.987747
0.937122
0.935622
0.885372
0.951705
1.01712
0.965705
1.026
0.764998
0.98108
0.959414
0.949039
0.750956
1.04308
0.969247
0.967997
0.865539
0.795081
0.944748
1.03262
1.03112
0.967247
0.844622
1.03812
0.99783
0.964622
1.01354
0.843748
0.992206
0.994455
1.01941
0.894205
0.831414
1.00946
0.966164
0.867998
0.941747
0.975455
0.948039
0.924788
0.834206
1.03954
0.895498
0.939456
0.887373
0.867497
0.910288
0.997206
0.85308
0.895748
0.827373
0.950997
0.962831
0.884331
0.915247
0.971455
0.908289
0.932331
1.0295
0.828039
0.907581
1.04137
0.948872
0.950872
0.834373
1.01145
0.879248
0.98983
0.854623
1.01458
0.941664
0.906247
0.893289
0.826206
0.932622
0.907497
0.922039
0.97283
0.838205
1.0085
0.948248
1.01833
0.972038
0.907289
1.01491
0.967497
0.93208
0.862081
0.972122
0.911414
0.96058
0.967164
0.743206
0.90033
0.959955
1.01558
0.940247
0.819748
0.968455
1.00941
0.957289
0.862373
0.742956
0.982247
0.947247
0.958747
0.970872
0.826039
0.977039
0.888248
1.023
0.899164
1.05741
0.988163
0.962664
0.939914
1.05037
0.957789
0.957747
0.928997
1.00808
0.837414
0.990039
0.930831
0.896372
0.872372
0.997163
0.929373
0.977997
0.96008
0.95358
0.971913
0.961081
0.986663
0.88458
0.912498
1.02025
0.938789
0.946831
0.833498
1.01029
0.954163
0.885247
1.00137
0.950289
0.947747
0.960123
0.932539
0.891872
0.989997
1.03766
0.880747
1.08487
1.03004
0.980997
0.975622
0.958372
0.833998
0.973956
0.985664
0.896122
0.891831
1.03079
0.95908
0.867539
0.893247
0.821872
0.901372
1.02058
0.90433
0.941456
0.906622
0.98358
0.96683
0.956706
0.988163
0.916622
1.00046
0.952039
0.937081
1.01396
1.02154
0.91808
0.951081
0.922872
0.764164
1.03812
0.947873
0.91933
0.921456
0.854247
1.02546
0.959456
0.950747
0.914581
0.992331
0.951163
0.966039
0.946956
0.950289
0.914664
0.901872
0.888955
0.933539
0.961122
0.991622
1.004
0.916748
0.851664
1.00429
0.897498
0.993289
0.964455
0.85154
1.04108
0.928497
1.00525
0.999164
0.99908
1.0035
0.919372
0.854956
1.03679
0.999247
0.935831
0.949622
0.876331
0.902581
1.05079
0.952039
0.97433
0.921748
0.891164
0.946163
0.873414
0.901706
0.91508
0.893122
0.929289
0.918956
0.99058
0.948956
0.952372
0.926872
0.963456
0.882872
0.927205
0.912788
0.879789
0.937372
0.889164
1.06404
0.98358
0.873456
0.859497
0.938872
0.962914
0.937997
0.868872
0.975414
1.00571
0.934081
1.02312
0.961039
0.88433
0.927164
0.973038
0.968872
0.95783
0.902414
0.989955
0.977663
0.903497
0.950997
0.980039
0.995039
0.957789
1.13104
0.982538
0.915622
0.850622
0.994747
0.945164
0.90758
1.00221
0.940622
0.951581
0.937872
0.873497
0.992538
1.01862
0.993872
0.854664
0.953705
0.963372
0.93258
0.847914
0.927539
0.973872
0.933372
0.951705
0.847372
0.925205
0.950039
0.966997
0.869414
0.942747
0.898913
1.01279
0.942164
0.967747
0.890206
0.960747
0.963163
1.02004
0.866539
0.89058
0.914539
0.947956
0.966789
0.824748
0.90683
0.982122
0.947622
0.884955
0.771581
0.939623
1.01516
1.02496
0.910914
0.843873
0.853914
0.972914
0.905997
0.95658
0.789164
0.932997
0.924622
0.775539
0.876664
0.796456
0.932622
0.747498
0.922498
0.931955
0.984497
0.968205
0.819789
0.843206
0.93033
0.843498
0.83704
0.856747
0.799956
0.890122
0.757872
0.751456
0.941998
1.03312
0.968455
0.775123
0.788414
0.966956
1.0295
0.760164
0.876372
0.930289
1.00571
0.821873
0.81733
0.822872
0.790039
0.823081
0.836414
0.836706
0.783914
1.22445
0.818789
0.772914
0.890705
0.98483
0.83404
0.796164
0.777373
0.854789
1.06558
0.763164
0.842789
0.853539
0.923581
0.961622
0.809164
0.838498
0.891372
0.959163
0.98958
0.824372
0.834497
0.896664
0.958164
0.985122
0.816039
0.777039
1.03229
0.933247
0.966122
0.81458
0.779789
0.865205
0.910539
0.975497
0.841706
0.82658
0.803914
0.856206
0.956664
0.755206
0.891664
0.771706
0.799956
1.08254
0.872581
0.915664
0.841372
0.929872
0.79504
0.828789
0.768789
0.930164
0.954039
0.827914
0.821831
0.840205
0.841706
0.922372
0.974372
0.856789
0.829123
0.864122
1.01437
0.920956
0.841872
0.839248
0.860705
0.955705
0.974205
0.76429
0.83583
0.788914
1.02812
0.904706
0.812247
0.838664
0.861747
0.979164
0.956539
0.840539
0.750956
0.856747
0.804706
1.00704
0.917997
0.74904
0.898706
0.983872
0.811789
0.817623
0.788872
0.895248
1.02896
0.752248
0.897997
0.912039
1.0395
0.863581
0.859247
0.826873
0.857872
0.937873
0.866998
0.793289
0.787331
1.0605
0.732581
0.789581
0.786247
0.85083
0.950664
0.907164
0.821915
0.847789
0.860164
0.977622
0.900622
0.83308
0.902372
0.966664
0.929539
0.848872
0.781289
0.847206
0.956872
0.950539
0.827872
0.781456
0.945373
0.886789
0.830373
0.899247
0.885539
0.955664
0.83379
0.827789
0.850455
0.978122
1.05008
0.863039
0.833664
0.812914
1.03991
0.89033
0.935914
0.760373
0.848497
0.998289
0.957622
0.824039
0.911706
0.894581
0.978331
0.899414
0.887956
0.89658
0.851914
0.981997
0.883956
0.844789
0.945539
0.869623
0.918539
0.846039
0.771581
0.841123
0.843414
0.986789
0.817956
0.841498
0.778664
0.832372
0.994997
0.837622
0.839123
0.856914
0.990455
1.04487
0.818706
0.878914
0.910206
0.986622
0.815873
0.809997
0.866872
0.849539
1.00779
0.769039
0.862789
0.851539
0.79154
1.00829
0.862039
0.760165
0.788997
1.13241
1.06083
0.845914
0.835789
1.02575
1.065
0.820497
0.752498
0.854539
1.05771
0.987122
0.865997
0.865997
0.96708
1.00958
0.823081
0.779914
0.945706
0.986289
0.828081
0.833664
0.962456
0.935164
1.02479
0.833955
0.843623
0.888247
0.906997
0.760123
0.856414
0.861873
1.0007
1.02054
0.827623
0.860205
1.02875
0.984414
0.892206
0.752998
0.823331
1.04066
1.0335
0.844956
0.815914
0.879164
1.03787
1.02296
0.833165
0.892747
0.774914
0.951039
0.920873
0.933289
0.839164
0.781122
0.999456
0.930497
0.823248
0.765914
0.999372
1.06191
1.00325
0.803831
0.924498
0.939456
0.894247
0.763164
0.845873
1.021
0.966164
0.754331
0.858372
0.838872
1.03045
0.980497
0.836705
0.845206
0.953539
1.02275
0.876289
0.852539
0.931747
0.999414
1.042
0.897373
0.880164
0.979247
0.957247
0.794622
0.768081
0.882414
1.00575
0.92633
0.950456
0.840998
0.898581
0.892747
1.05141
1.00916
0.881998
0.772206
0.961831
0.941414
0.942289
0.756914
0.895122
0.985705
0.951372
0.894997
0.768539
0.84358
0.987455
0.966831
0.795373
0.750831
0.826664
0.913622
0.904539
0.831372
0.859622
0.811706
1.01016
0.87233
0.831165
0.837748
0.92233
1.06362
0.897623
0.832247
0.835206
0.875747
0.977497
0.937039
0.96533
0.82108
0.879873
0.941289
0.964872
0.997997
0.817039
0.905581
0.99333
0.978747
0.938831
0.885372
0.977872
0.916164
0.97533
0.981414
0.832747
0.963122
0.914831
0.761915
0.766956
0.774998
0.892955
0.944747
0.847373
0.835122
0.928831
1.01491
1.01454
0.836372
0.796997
0.921123
0.936873
1.07187
0.832081
0.784039
1.02979
0.975956
1.0535
0.806956
0.806706
1.02308
1.03504
1.05854
0.855081
0.880539
0.983247
0.94483
0.834664
0.767039
0.935414
0.958955
0.744664
0.776373
0.903414
0.922955
0.889289
0.869955
0.86683
0.948247
0.907289
0.990414
0.855373
0.806081
0.92933
0.970622
0.917539
0.862664
0.763498
0.883455
0.997664
0.758664
0.84933
0.936747
0.954331
0.955788
0.83633
0.865705
0.966622
0.971122
0.958331
0.835831
0.992164
0.932997
0.897039
0.769665
1.01221
0.953038
0.992622
0.871539
0.857831
0.930997
0.917122
0.952913
0.764706
0.885164
1.01595
0.949413
0.981622
0.888247
0.844039
1.01041
0.96833
0.840997
0.925872
0.967372
0.944039
0.995788
0.87258
0.861914
0.899914
0.940956
0.825414
0.802498
0.951747
0.92083
1.00066
0.790414
0.781206
1.01787
0.900205
1.00658
0.829206
1.01091
0.949288
1.01525
0.828289
0.827955
0.930289
1.03762
0.991747
0.771372
0.960539
0.969164
0.932331
0.871872
0.775873
1.01846
0.958372
0.968706
0.983872
0.755914
0.958372
0.964414
0.972372
0.892747
0.792456
0.971413
0.902831
1.11687
0.868914
0.755956
0.934539
1.06275
0.942539
0.756123
0.924289
1.06266
0.959955
0.893289
0.832497
1.01329
0.960205
0.843622
0.89658
0.856914
0.956539
0.893123
0.858747
0.823248
0.977039
0.96858
1.03337
0.827747
0.959247
0.93158
0.912247
0.809039
0.981872
0.962122
1.02087
0.928664
0.841372
0.965414
0.927497
1.04758
0.913622
0.851081
0.986664
1.02437
0.96408
0.948164
0.81633
1.03916
0.910622
0.898122
0.938789
0.903373
0.975497
1.01241
0.955247
0.803706
0.824914
0.92908
1.00066
0.930372
0.870414
0.983289
0.933164
0.995414
0.904872
0.831289
0.944247
1.0315
0.860539
0.844623
0.968039
0.995747
0.971872
0.888039
0.859248
0.937998
0.978997
0.892122
0.924872
0.848914
0.910205
1.08504
0.936247
0.992955
0.868914
0.946956
0.957997
0.957081
1.00395
0.881914
0.97833
1.05904
0.988206
0.910039
1.02175
0.99783
0.955581
0.971081
0.831039
0.922456
0.966955
0.965456
0.872705
0.912664
0.947413
0.963581
1.04016
0.889289
0.911664
0.946081
0.986789
0.825039
1.01141
0.897498
1.01037
0.973997
0.760081
0.910081
0.938789
0.972497
0.801706
0.957039
0.995372
0.951955
0.960247
0.844789
0.895872
0.954955
1.05154
0.762998
0.952414
0.984122
0.983455
0.911331
0.763872
1.01387
1.00137
0.936914
0.934497
0.848748
0.997872
0.956414
0.980955
0.945747
0.757665
0.964288
0.97358
0.911997
0.891122
0.944372
0.967205
0.94733
1.01529
0.905872
0.972372
0.960872
0.960538
0.954205
0.869081
1.0105
0.944455
0.985414
1.02454
1.03179
0.971413
0.941372
0.972414
0.882872
0.967872
0.908289
0.894373
1.00616
0.933038
1.03421
0.943789
1.00625
0.877123
0.880414
0.981289
0.957289
0.958914
0.945289
0.914747
0.996497
0.961497
0.875623
1.05604
0.777747
1.06762
0.961622
0.88333
0.98333
1.02879
0.937581
0.936872
0.926373
0.94108
0.986497
0.896872
0.976456
1.01158
0.969372
1.00771
1.03291
0.915123
0.941247
0.911372
0.988622
0.871248
0.865414
0.93808
0.929497
0.996413
0.884914
1.01446
0.878331
1.01896
1.04391
0.866248
0.938914
0.888705
0.989747
0.905414
0.932539
0.867206
0.973497
0.948663
0.854623
0.99908
0.897539
0.882539
0.949372
0.978872
0.963748
0.886956
0.986497
0.942789
1.00866
0.952663
1.02308
0.906247
0.944205
1.00587
0.921788
1.006
0.980789
0.913914
0.965456
0.967289
0.913289
0.936164
0.983997
1.20387
0.931289
0.940955
0.966581
1.00737
0.936372
0.982455
0.878331
0.944455
1.02037
0.959955
0.903998
0.992289
0.898997
0.834539
0.983038
0.900372
0.925248
0.987164
0.95683
0.994205
0.957539
0.966456
0.926331
0.900705
0.902706
0.883914
0.904289
0.936164
0.889081
0.933706
0.995497
0.921705
0.928038
1.03421
0.942247
0.938289
0.938789
0.890789
0.892997
0.974997
0.950789
0.939497
0.960789
0.988122
0.913247
0.889706
0.93058
0.928497
0.941914
1.00829
1.01083
0.979081
1.02291
0.941872
0.905164
0.887247
0.872247
0.890331
0.875372
0.925122
0.917122
0.988789
0.924789
0.980247
0.958247
0.919663
0.946664
1.02891
0.885498
0.96508
0.915747
0.883914
1.29366
0.876997
0.950456
0.945372
0.907289
0.965622
0.977038
1.0205
0.908205
0.844497
0.992288
0.986997
0.932205
0.904498
0.919664
0.975205
0.930455
1.00037
0.983122
0.941956
0.983747
0.920789
1.00012
0.869414
1.11233
0.903372
0.928372
0.872497
0.806206
0.892247
0.821539
0.930788
0.865831
0.833831
1.02012
0.850872
0.923456
0.930789
0.944872
0.920122
0.791414
0.901039
0.860956
0.998955
0.97808
0.932914
0.845164
0.938623
0.884039
0.990122
0.852497
0.844164
0.827914
0.820706
0.913331
0.983372
1.05341
0.886872
0.834997
0.83483
0.819289
1.07683
0.830789
0.840956
0.839206
0.840914
1.095
0.864706
0.822164
0.835998
0.931288
1.01946
0.827081
0.838456
0.85258
0.826497
0.984164
0.756915
0.847705
0.936372
0.935164
0.890414
0.889622
0.779748
0.903872
0.839039
0.846206
0.808123
1.04879
0.872747
0.749581
0.850748
0.853414
1.07021
0.823373
0.845831
0.891497
0.798456
0.905914
0.773373
0.876956
0.827039
1.06937
0.765665
0.836956
0.825247
0.834789
0.897123
0.903414
0.834872
0.866414
0.985206
0.821123
0.769622
0.841164
0.853664
1.119
0.763789
0.758164
0.868039
